94.290
152.778
209.654
266.307
321.583
376.622
430.473
483.947
537.491
590.370
642.389
693.580
744.409
795.204
845.836
896.853
947.014
996.201
1044.419
1093.808
1141.425
1189.269
1234.361
1280.273
1325.723
1370.823
1373.456
1376.690
1380.002
1383.259
1386.616
1389.962
1393.282
1396.559
1399.921
1403.285
1406.645
1410.045
1413.383
1416.831
1420.189
1423.557
1426.885
1430.208
1433.530
1436.825
1440.018
1443.204
1446.403
1449.617
1452.898
1456.174
1459.483
1462.526
1465.744
1468.954
1472.206
1475.635
1478.873
1481.841
1485.104
1488.265
1491.576
1494.641
1497.790
1500.878
1504.036
1507.150
1510.181
1513.221
1516.341
1519.410
1522.580
1525.847
1529.022
1532.259
1535.522
1538.706
1541.945
1545.165
1548.529
1551.755
1555.182
1558.253
1561.464
1564.616
1567.837
1570.965
1574.142
1577.415
1580.687
1583.927
1587.127
1590.297
1593.465
1596.633
1599.785
1602.714
1605.565
1608.382
1611.302
1614.204
1616.858
1619.706
1622.668
1625.490
1628.456
1631.367
1634.320
1637.229
1640.053
1643.018
1645.890
1648.739
1651.618
1654.532
1657.448
1660.373
1663.291
1666.237
1669.152
1672.208
1674.986
1677.990
1680.865
1683.724
1686.589
1689.459
1692.311
1695.067
1698.015
1700.868
1703.864
1706.853
1709.704
1712.731
1715.465
1718.545
1721.492
1724.520
1727.471
1730.549
1733.647
1736.746
1739.704
1742.757
1745.880
1748.999
