201.342
240.706
280.765
321.155
361.997
403.446
444.499
486.249
527.423
568.838
609.709
651.205
692.318
733.448
774.995
816.510
857.248
897.208
938.493
979.543
1021.065
1062.167
1098.636
1137.113
1175.848
1214.281
1247.106
1281.036
1315.101
1348.265
1380.922
1413.734
1441.800
1470.245
1498.783
1527.191
1556.089
1584.351
1613.093
1641.551
1662.885
1683.272
1703.502
1723.979
1744.591
1765.061
1785.436
1791.657
1796.955
1802.326
1807.636
1812.828
1818.004
1823.065
1828.129
1833.359
1838.530
1843.718
1848.849
1853.994
1859.195
1864.337
1869.542
1874.636
1879.796
1884.853
1889.949
1895.130
1900.327
1905.587
1910.689
1915.681
1920.836
1925.936
1931.110
1936.350
1941.330
1946.375
1951.631
1956.747
1961.800
1967.085
1972.457
1977.693
1982.850
1988.036
1993.179
1998.371
2003.497
2008.555
2013.546
2018.771
2024.093
2029.467
2034.875
2040.200
2045.506
2050.946
2056.288
2061.700
2066.971
2072.371
2077.563
2082.797
2088.015
2093.779
2100.546
2105.583
2110.738
2115.869
2121.048
2126.343
2131.517
2136.866
2142.000
2147.293
2152.595
2158.000
2163.244
2168.546
2173.863
2179.112
2184.408
2189.564
2194.738
2199.995
2205.228
2210.257
2215.387
2220.415
2225.575
2230.779
2235.800
2240.790
2245.926
2251.012
2256.242
2261.391
2266.526
2271.765
2276.918
2282.129
2287.374
2292.657
2297.987
2303.257
2308.444
2313.661
2318.799
2323.960
2329.012
2334.212
2339.285
2344.340
2349.506
2354.528
2359.551
2364.670
2369.742
2374.466
2379.000
2383.506
2388.160
2392.798
2397.553
2402.266
2406.870
2411.664
2416.485
2421.177
2425.836
2430.579
2435.395
2440.191
2445.081
2449.955
2454.818
2459.595
2464.374
2469.192
2474.106
2478.883
2483.699
2488.602
2493.106
2497.322
2501.493
2505.804
2510.132
2514.440
2518.783
2523.077
2527.502
2531.934
2536.365
2540.889
2545.359
2549.672
2553.810
2557.877
2561.910
2566.075
2570.330
2574.337
2578.191
2582.257
2586.253
2590.273
2594.081
2598.044
2602.065
2606.167
2610.322
2614.477
2618.679
2622.877
2627.106
2631.334
2635.604
2639.921
2644.020
2648.191
2652.469
2656.763
2661.024
2665.191
2669.408
2673.657
2677.889
2682.256
2686.500
2690.775
2695.061
2699.396
2703.755
2707.942
2712.277
2716.590
2720.873
2725.212
2729.285
2733.179
2737.171
2741.227
2745.297
2749.416
2753.382
2757.164
2760.824
2764.473
2768.371
2772.281
2776.297
2780.208
2784.171
2788.155
2792.080
2795.971
2800.048
2804.159
2808.195
2812.171
2816.122
2820.138
2824.138
2828.102
2832.149
2836.163
2840.220
2844.344
2848.232
2851.896
2855.506
2859.167
2862.841
2866.488
2870.130
2873.747
2877.514
2881.297
2885.126
2888.951
2892.751
2896.723
2900.661
2904.618
2908.636
2912.542
2916.375
2920.224
2924.044
2927.798
