102.458
104.371
106.324
108.289
110.207
112.259
114.239
116.239
118.157
120.163
122.198
124.170
126.196
128.191
130.227
132.255
134.285
136.308
138.350
140.370
142.370
144.432
146.441
148.462
150.454
152.549
154.581
156.578
158.627
160.630
162.679
164.648
166.721
168.697
170.643
172.656
174.459
176.556
178.596
180.655
182.672
184.732
186.782
188.824
190.858
192.926
194.993
197.090
199.128
201.148
203.225
205.252
207.289
209.306
211.343
213.373
215.446
217.570
219.607
221.709
223.787
225.851
227.954
229.953
232.064
234.080
236.213
238.228
240.233
242.311
244.337
246.387
248.474
250.567
252.649
254.708
256.748
258.824
260.893
262.873
264.948
267.035
269.008
271.104
273.154
275.208
277.205
279.239
281.280
283.351
285.418
287.447
289.518
291.561
293.569
295.688
297.481
299.405
301.243
303.079
305.156
306.828
308.558
310.474
312.157
313.957
315.797
317.614
319.442
321.137
323.030
324.840
326.637
328.446
330.240
332.056
334.077
335.998
338.018
339.760
341.639
343.533
345.443
347.612
349.681
