376.517
378.350
380.250
382.290
384.230
386.190
388.230
390.270
392.350
394.410
396.510
398.570
400.630
402.690
404.770
406.830
408.950
411.070
413.150
415.170
417.230
419.310
421.370
423.410
425.490
427.450
429.410
431.550
433.610
435.630
437.650
439.650
441.690
443.750
445.830
447.930
450.010
452.090
454.130
456.270
458.370
460.470
462.570
464.650
466.770
468.830
470.890
472.970
475.030
477.130
479.170
481.230
483.230
485.210
487.250
489.250
491.250
493.230
495.210
497.250
499.212
501.330
503.310
505.270
507.330
509.410
511.530
513.670
515.730
517.850
519.941
522.025
524.150
526.250
528.330
530.430
532.530
534.605
536.665
538.744
540.828
542.850
544.830
546.830
548.890
550.910
552.930
554.810
556.687
558.530
560.350
562.250
564.170
566.149
568.110
570.050
572.050
574.050
576.050
578.030
580.050
582.030
584.057
586.070
588.070
590.095
591.970
593.932
595.890
597.850
599.638
601.650
603.590
605.513
607.450
609.390
611.350
613.230
615.130
617.170
619.110
621.050
623.010
625.030
627.110
629.130
631.190
633.237
635.370
637.310
639.150
640.950
642.682
644.610
