81.556
88.726
95.702
102.732
109.824
116.837
123.918
130.865
137.769
144.637
151.561
158.498
165.492
172.229
179.102
185.965
192.892
199.716
206.602
213.537
220.424
227.020
233.682
240.527
247.541
254.498
261.292
267.927
274.429
280.976
287.575
294.514
301.405
308.241
315.059
321.876
328.649
335.259
342.059
348.782
355.604
362.198
369.018
375.845
382.404
388.442
394.411
400.244
406.101
412.026
417.936
423.906
429.841
435.823
441.735
447.588
453.336
459.101
464.801
470.448
476.032
481.751
487.351
493.141
498.942
504.461
510.171
515.712
521.480
527.197
532.834
538.379
543.904
548.920
554.050
559.189
564.344
569.626
574.872
580.063
585.114
590.045
595.338
600.768
606.147
611.540
616.867
622.045
627.303
632.658
638.149
643.889
646.790
649.648
652.512
655.398
658.225
661.104
663.985
666.915
669.820
672.734
675.602
678.478
681.220
684.100
686.896
689.656
692.406
695.208
697.983
700.729
703.449
706.233
709.036
711.767
714.507
717.240
720.041
722.842
725.693
728.523
731.369
734.216
737.067
739.917
742.784
745.630
748.475
751.286
754.139
756.836
759.846
762.699
765.526
768.369
771.187
773.941
776.662
779.343
781.999
784.691
787.445
790.192
793.014
795.585
798.344
801.106
803.876
806.577
809.300
812.024
814.713
817.405
820.079
822.716
825.419
828.104
830.739
833.354
835.979
838.613
841.170
843.967
846.634
849.289
851.889
854.458
857.158
859.860
862.426
864.984
867.512
870.162
872.899
875.636
878.363
881.126
883.959
