24.335
30.697
36.897
43.150
49.330
55.350
61.390
67.450
73.550
79.650
85.850
92.010
98.090
104.150
110.250
116.330
122.384
128.370
134.450
140.410
146.330
152.230
158.230
164.110
169.990
175.910
181.850
187.910
193.830
199.850
205.970
211.950
218.010
224.010
230.010
235.950
241.959
247.902
253.927
259.901
265.927
272.057
278.129
284.328
290.273
296.380
302.370
308.338
314.384
320.220
325.753
331.743
337.618
343.609
349.530
355.430
361.390
367.390
373.310
379.230
385.150
391.170
397.190
403.050
408.930
414.790
420.610
426.350
431.935
437.696
443.548
449.596
455.471
461.439
467.314
473.273
479.118
484.870
490.449
496.240
502.126
507.950
513.670
518.990
524.390
