55.071
61.131
66.991
72.930
78.773
84.696
90.569
96.631
102.533
108.520
114.419
120.453
126.393
132.586
138.915
145.045
151.063
157.267
163.320
169.522
175.456
181.371
187.401
193.383
199.374
205.149
211.159
217.042
222.871
228.934
235.092
240.819
246.872
252.875
258.756
264.598
270.467
276.497
282.433
288.150
294.115
299.789
305.741
311.648
317.604
323.332
329.372
335.351
341.277
346.987
352.710
358.473
364.176
369.926
375.528
381.283
386.984
392.550
398.272
403.824
409.746
415.609
421.092
426.850
432.668
438.354
444.073
449.636
455.233
460.739
466.217
471.778
477.282
482.987
488.639
494.279
499.724
505.322
510.844
516.386
521.877
527.502
533.264
539.119
545.031
550.675
556.180
561.618
567.168
572.737
578.249
583.895
589.407
594.908
600.391
605.850
611.244
616.545
621.840
625.647
630.988
636.890
642.605
648.268
