49.028
50.956
53.061
55.190
57.350
59.510
61.630
63.770
65.930
68.090
70.270
72.470
74.690
76.790
78.950
81.130
83.310
85.530
87.770
89.970
92.130
94.290
96.450
98.530
100.650
102.830
104.950
107.050
109.170
111.190
113.330
115.470
117.590
119.710
121.930
124.110
126.310
128.450
130.710
132.850
134.990
137.110
139.050
141.170
143.390
145.630
147.810
149.970
152.130
154.250
156.270
158.430
160.590
162.750
164.890
167.050
169.190
171.390
173.590
175.750
177.890
180.070
182.210
184.390
186.570
188.770
190.930
193.150
195.410
197.650
199.810
201.970
204.150
206.310
208.510
210.650
212.810
215.050
217.150
219.330
221.390
223.530
225.685
228.008
230.011
232.193
234.290
236.470
238.690
240.850
242.990
245.350
247.530
249.750
251.890
254.170
256.310
258.470
260.670
262.990
265.190
267.430
269.590
271.830
274.030
276.230
278.410
280.630
282.910
285.170
287.390
289.630
291.850
294.090
296.290
298.530
300.650
302.810
305.050
307.350
309.650
311.730
313.810
315.810
317.990
320.130
322.250
324.411
326.650
328.770
330.930
333.090
335.250
337.450
339.630
341.850
344.030
346.210
348.430
350.630
352.750
354.950
357.130
359.290
361.470
363.610
365.730
367.810
369.850
371.870
374.010
376.170
378.310
380.450
382.610
384.830
387.070
389.310
391.490
393.730
395.890
398.110
400.270
402.410
404.550
406.730
408.890
411.090
413.190
415.270
417.310
419.410
421.590
423.710
425.870
427.869
430.057
432.163
434.253
436.351
438.510
440.767
442.812
444.656
446.798
448.914
450.995
452.881
455.130
457.710
459.730
461.770
463.870
465.930
467.950
469.990
472.110
474.130
476.130
478.130
480.536
482.832
484.853
486.868
488.947
491.048
493.203
495.211
497.322
499.461
501.584
503.733
505.768
507.914
510.084
512.195
514.293
516.373
518.428
520.556
522.579
524.492
527.012
529.242
531.387
533.550
535.690
537.750
539.830
541.950
544.010
545.990
548.030
549.990
551.950
553.950
555.890
557.870
559.910
561.950
564.089
566.310
568.370
570.285
572.383
574.465
576.522
578.636
580.783
582.914
585.016
587.097
589.142
591.232
593.293
595.420
597.485
599.461
601.475
603.579
605.692
607.799
609.820
611.798
613.796
615.842
617.851
619.848
621.836
623.876
626.254
628.280
630.295
632.349
634.093
636.163
638.168
640.255
642.306
644.263
646.332
648.370
650.330
652.299
654.312
656.246
658.314
660.275
662.248
664.236
666.261
668.195
670.212
672.244
674.285
676.229
678.185
680.158
682.129
684.216
686.164
688.111
690.161
692.109
694.021
695.994
698.059
700.151
702.113
703.970
705.909
707.825
709.752
711.680
713.502
715.345
717.350
719.370
721.450
723.510
725.590
727.690
729.830
731.930
734.070
736.210
738.370
740.510
742.670
744.810
746.930
748.970
750.950
