5.880
12.242
17.843
23.739
29.469
34.922
40.612
46.393
52.053
57.603
63.205
68.737
74.397
79.993
85.525
90.813
95.689
101.355
106.649
112.176
117.853
123.524
129.486
134.792
140.376
145.786
150.996
156.212
161.820
167.503
173.041
178.643
184.249
189.868
195.401
200.815
206.267
211.794
217.551
222.669
228.463
234.052
239.698
245.388
251.091
256.803
262.358
267.978
273.461
278.790
283.965
289.369
294.886
300.477
306.074
311.479
316.842
322.194
327.658
333.118
338.473
343.766
348.841
354.220
359.461
364.706
369.949
375.069
380.245
385.429
390.639
395.833
401.076
406.094
411.310
416.229
421.543
426.708
431.678
437.009
442.099
447.170
452.431
457.777
463.129
468.435
473.345
478.600
484.132
489.429
494.688
499.814
505.164
510.570
516.006
521.313
526.532
531.831
537.051
542.413
547.747
553.091
558.300
563.662
568.997
574.264
579.410
584.628
589.771
595.104
600.390
605.309
610.534
615.697
620.833
625.908
630.969
636.084
641.103
646.085
650.962
655.871
661.254
666.559
672.162
677.365
682.685
688.013
693.335
698.340
703.158
