41.665
84.376
124.122
162.957
201.398
240.108
278.219
317.221
355.647
394.199
432.185
470.498
509.805
548.008
587.207
625.191
664.038
703.303
742.261
780.204
818.985
857.449
896.345
935.015
973.415
1011.580
1050.064
1087.771
1125.695
1164.736
1203.426
1242.061
1280.163
1318.194
1356.122
1394.131
1431.984
1470.433
1508.824
1546.886
1584.433
1621.963
1659.706
1698.053
1736.216
1773.837
1812.878
1851.449
1889.065
1926.849
1964.604
2002.286
2040.000
2078.220
2117.588
2155.608
2193.722
2231.888
2269.808
2307.755
2345.244
2382.376
2419.204
2455.841
2459.545
2463.620
2467.375
2471.108
2474.704
2478.323
2481.952
2485.626
2489.292
2492.929
2496.603
2500.333
2503.869
2507.440
2511.064
2514.641
2518.273
2521.896
2525.544
2529.166
2532.769
2536.391
2540.028
2543.710
2547.372
2551.033
2554.709
2558.277
2561.886
2565.533
2569.154
2572.785
2576.402
2580.007
2583.653
2587.396
2591.202
2594.946
2598.693
2602.389
2606.072
2609.645
2613.287
2616.869
2620.494
2624.180
2627.771
2631.369
2634.951
2638.655
2642.430
2646.082
2649.777
2653.446
2657.116
2660.740
2664.345
2667.981
2671.392
2675.040
2678.652
2682.306
2685.919
2689.576
2693.324
2697.146
2700.899
2704.643
2708.346
2712.042
2715.638
2719.271
2722.874
2726.504
2730.196
2733.793
2737.400
2740.992
2744.694
2748.468
2752.143
2755.847
2759.526
2763.187
2766.806
2770.434
2774.065
2777.728
2781.272
2784.862
2788.360
2791.906
2795.443
2798.971
2802.533
2806.117
2809.635
2813.170
2816.695
2820.139
2823.556
2827.108
2830.695
2834.272
2837.676
2841.199
2844.711
2848.229
2851.744
2855.191
2858.614
2861.822
2865.233
2868.730
2872.204
2875.711
2879.242
2882.797
2886.329
2889.833
2893.378
2896.938
2900.590
2904.204
2907.841
2911.440
2915.077
2918.635
2922.220
2925.812
2929.312
2932.854
2936.340
2939.780
2943.060
2946.836
2950.478
