282.136
289.102
296.024
302.945
309.798
316.674
323.593
330.499
337.369
344.190
351.101
357.791
364.506
371.253
377.992
384.812
391.686
398.667
405.445
412.249
419.011
425.865
432.706
439.308
446.027
452.814
459.594
466.349
473.112
479.620
486.411
493.088
499.735
506.308
512.888
519.576
526.353
532.927
545.955
552.511
559.014
565.555
572.145
578.672
585.188
591.599
598.063
604.556
610.997
617.471
625.605
628.601
638.079
644.505
650.902
657.349
663.608
669.824
676.204
682.496
688.894
695.265
701.559
707.882
714.079
720.308
726.708
733.108
739.447
745.816
752.106
758.433
764.716
771.063
777.457
783.888
790.259
796.636
802.814
808.388
813.111
817.794
822.513
827.128
831.779
836.377
840.850
845.453
849.972
854.470
858.992
863.479
867.807
872.269
876.718
881.070
885.398
889.736
894.150
898.472
902.756
907.088
915.674
919.920
924.204
928.461
932.725
936.992
941.241
945.519
949.719
953.974
958.167
962.351
966.534
970.681
974.821
978.808
982.918
986.969
991.077
995.143
999.094
1003.039
1007.029
1010.956
1014.834
1018.787
1022.766
1026.705
1030.589
1034.533
1038.613
