209.351
276.544
339.499
400.318
459.673
519.229
577.614
635.945
694.204
752.045
809.722
867.104
925.722
983.353
1040.588
1096.782
1153.159
1209.753
1265.927
1321.549
1377.112
1433.169
1488.263
1543.688
1598.724
1653.431
1707.465
1761.792
1808.531
1857.963
1906.991
1956.186
2004.419
2053.529
2101.946
2149.335
2195.441
2241.184
2286.582
2333.515
2378.144
2421.577
2465.164
2509.113
2516.576
2521.220
2525.945
2530.853
2535.538
2540.282
2545.224
2550.153
2555.139
2559.871
2564.688
2569.493
2574.450
2579.374
2584.245
2588.770
2593.368
2598.203
2602.879
2607.264
2611.881
2616.656
2621.174
2625.663
2630.121
2634.645
2639.360
2643.911
2648.427
2652.886
2657.289
2661.747
2666.432
2671.043
2675.780
2680.353
2684.882
2689.504
2694.167
2698.841
2703.471
2707.820
2712.578
2717.159
2721.671
2725.920
2730.299
2734.416
2738.643
2742.906
2746.988
2751.100
2755.071
2759.062
2763.265
2767.540
2771.869
2776.049
2780.165
2784.508
2788.817
2792.739
2796.493
2800.665
2804.665
2808.376
2812.239
2816.416
2820.588
2824.743
2828.871
2833.000
2837.008
2841.092
2845.055
2849.096
2853.237
2857.109
2861.002
2864.895
2868.868
2872.896
2876.800
2880.743
2884.584
2888.418
2892.307
2896.202
2899.987
2903.831
2907.698
2911.384
2915.141
2919.016
2922.923
2926.637
2930.332
2934.212
2937.953
2941.643
2945.475
2949.372
2953.376
2957.456
2961.498
2965.490
2969.435
2973.392
2977.218
2981.110
2984.894
2988.740
2992.416
2996.098
2999.711
3003.401
3007.119
3010.782
3014.484
3017.976
3021.555
3025.135
3028.696
3032.122
3035.451
3038.751
3041.969
3045.243
3048.527
3051.806
3055.100
3058.358
3061.516
3064.696
3067.867
3071.132
3074.378
3077.701
3081.050
3084.247
3087.498
3090.737
3093.943
3097.082
3100.194
3103.576
3106.600
3109.947
3113.243
3116.571
