1.068
3.506
5.991
8.359
10.542
12.864
15.232
17.601
19.969
22.105
24.404
26.726
28.932
31.208
33.530
35.736
37.918
40.147
42.469
44.675
46.904
49.167
51.306
53.543
55.763
57.957
60.151
62.404
64.575
66.781
69.068
71.262
73.445
75.639
77.833
80.074
82.222
84.405
86.610
88.781
90.987
93.205
95.364
97.501
99.683
101.878
104.037
105.999
108.275
110.434
112.617
114.678
116.854
119.002
121.110
123.230
125.370
127.450
129.470
131.450
133.390
135.610
137.890
140.090
142.210
144.330
146.430
148.550
150.690
152.870
155.050
157.210
159.390
161.490
163.630
165.790
167.950
170.090
172.190
174.390
176.630
178.890
181.050
183.310
185.570
187.910
190.090
192.330
194.450
196.610
198.770
200.950
203.110
205.290
207.430
209.610
211.810
213.970
216.110
218.270
220.410
222.590
224.810
226.950
229.170
231.310
233.490
235.690
237.810
239.950
242.150
244.370
246.570
248.690
250.850
253.030
255.150
257.350
259.750
262.150
264.330
266.550
268.890
271.130
273.370
275.610
277.850
280.150
282.370
284.590
286.830
289.130
291.410
293.630
295.870
298.070
300.290
302.510
304.730
306.950
309.250
311.570
313.830
315.990
318.170
320.390
322.650
324.870
327.090
329.370
331.590
333.810
336.010
338.290
340.590
342.850
345.110
347.370
349.650
351.930
354.210
356.510
358.810
361.070
363.310
365.710
367.990
370.350
372.710
375.010
377.350
379.610
381.830
384.030
386.270
388.490
390.710
393.010
395.210
397.470
399.690
401.870
404.090
406.190
408.450
410.590
412.730
414.890
417.110
419.330
421.510
423.670
425.850
427.990
430.150
432.210
434.470
436.710
438.970
441.130
443.390
445.490
447.670
449.870
452.050
454.250
456.470
458.650
460.910
463.170
465.350
467.610
469.790
471.990
474.190
476.350
478.530
480.690
482.850
485.070
487.290
489.470
491.690
493.830
495.990
498.150
500.350
502.510
504.610
506.910
509.130
511.350
513.490
515.650
517.810
520.030
522.230
524.410
526.550
528.710
530.890
533.050
535.250
537.450
539.670
541.910
544.090
546.290
548.450
550.610
552.670
554.810
557.050
559.250
561.430
563.550
565.750
567.870
570.030
572.190
574.310
576.350
578.450
580.510
582.610
584.830
587.030
589.170
591.290
593.390
595.450
597.570
599.630
601.690
603.770
605.770
607.790
609.870
612.010
614.170
616.290
618.370
620.430
622.530
624.590
626.670
628.710
630.750
632.890
635.090
637.250
639.410
641.610
643.730
645.930
648.030
650.210
652.390
654.590
656.730
658.930
661.110
663.290
665.410
667.570
669.650
671.750
673.850
675.950
678.030
680.090
682.130
684.190
686.230
688.330
690.410
692.450
694.510
696.690
698.750
700.970
703.270
705.510
707.790
710.030
712.290
714.530
716.750
719.030
721.350
723.550
725.770
728.090
730.290
732.550
734.870
737.070
739.250
741.470
743.730
746.010
748.250
750.430
752.670
754.870
757.090
759.310
761.510
763.710
765.930
768.150
770.350
772.570
774.850
777.050
779.310
781.530
783.750
785.970
788.210
790.450
792.610
794.770
796.950
799.110
801.230
803.390
805.570
807.770
809.930
812.090
814.250
816.410
818.570
820.710
822.850
824.990
827.130
829.290
831.410
833.550
835.730
837.930
840.110
842.290
844.410
846.590
848.730
850.870
852.990
855.150
857.290
859.430
861.550
863.690
865.790
867.930
870.170
872.350
874.550
876.710
878.810
880.930
883.030
885.132
887.262
889.354
891.543
893.718
895.896
897.991
900.120
902.252
904.430
906.537
908.671
910.767
912.908
915.058
917.153
919.290
921.391
923.481
925.535
927.654
929.735
931.820
933.902
936.019
938.055
940.178
942.235
944.276
946.369
948.380
950.451
952.489
954.591
956.659
958.547
960.110
962.250
964.390
966.650
968.790
970.830
972.950
975.030
977.150
979.270
981.430
983.530
985.670
987.770
989.830
991.930
993.970
995.970
998.050
1000.110
1002.190
1004.270
1006.330
1008.330
1010.390
1012.490
1014.550
1016.590
1018.650
1020.730
1022.810
1024.870
1026.890
1028.950
1030.970
1032.990
1035.050
1037.090
1039.110
1041.110
1043.110
1045.230
1047.430
1049.630
1051.992
1054.106
1056.270
1058.470
1060.650
1062.890
1065.130
1067.350
1069.550
1071.750
1073.970
1076.210
1078.410
1080.570
1082.810
1085.050
1087.250
1089.430
1091.650
1093.850
1096.070
1098.270
1100.510
1102.690
1104.830
1107.010
1109.150
1111.370
1113.510
1115.650
1117.770
1119.890
1122.030
1124.210
1126.410
1128.653
1130.767
1132.882
1134.996
1137.090
1139.290
1141.450
1143.650
1145.830
1148.050
1150.270
1152.410
1154.590
1156.810
1159.070
1161.230
1163.410
1165.570
1167.730
1169.830
1171.870
1173.770
1175.690
1177.550
1179.410
