0.212
6.546
12.483
18.262
23.998
29.757
35.480
41.234
46.945
52.900
58.462
63.777
69.512
74.872
80.041
85.421
91.020
96.637
102.243
107.577
113.119
118.542
123.910
129.425
135.058
140.388
146.195
151.691
157.339
162.922
168.531
174.094
179.772
185.368
190.984
196.605
202.155
207.805
213.343
219.035
224.626
230.023
235.590
241.108
246.628
251.912
257.619
263.162
268.799
274.426
280.169
285.786
291.368
296.982
302.491
308.109
313.740
319.173
324.637
330.190
335.836
341.583
347.113
352.576
357.983
363.478
368.874
374.198
