57.051
64.571
71.951
79.387
86.774
94.061
101.253
108.575
115.979
123.289
130.640
138.072
145.448
152.640
159.955
167.314
174.614
181.977
189.314
196.644
203.933
211.163
218.398
225.422
232.620
239.983
247.220
254.620
261.788
269.022
276.187
283.363
290.590
297.822
305.167
312.456
319.648
326.869
334.004
340.918
348.026
355.163
362.351
369.575
376.738
383.734
390.752
397.746
404.634
411.567
418.463
424.216
429.644
434.881
440.232
445.611
450.942
456.024
461.085
466.285
471.289
476.457
481.693
486.775
491.873
496.906
501.851
506.641
511.497
516.363
521.624
526.840
532.049
537.228
542.389
547.453
552.448
557.481
562.567
567.748
572.685
577.726
582.628
587.612
592.518
597.644
602.526
607.360
612.412
617.395
622.362
627.299
632.167
637.085
641.979
646.976
651.759
656.673
661.608
666.416
671.338
676.204
680.420
684.326
688.246
692.100
695.910
699.737
703.642
707.465
711.504
715.322
719.105
723.151
727.126
731.125
735.089
739.020
742.897
746.742
750.583
754.493
758.383
762.181
766.057
769.812
773.648
777.632
