121.907
187.657
256.319
326.193
395.302
465.176
534.424
603.887
672.438
741.726
810.689
878.751
947.012
1014.681
1082.061
1149.330
1215.706
1282.832
1336.578
1388.692
1440.188
1490.924
1541.610
1592.259
1642.869
1692.647
1742.857
1749.115
1754.755
1760.217
1765.530
1770.762
1776.152
1781.966
1787.744
1793.505
1799.346
1804.835
1810.587
1816.241
1821.614
1827.196
1832.913
1838.614
1844.143
1849.684
1855.280
1860.771
1866.083
1871.528
1876.996
1882.386
1887.869
1893.227
1898.631
1904.059
1909.599
1915.086
1920.708
1926.403
1931.894
1937.491
1943.066
1948.679
1954.258
1959.810
1965.400
1970.959
1976.389
1981.901
1987.300
1992.811
1998.262
2003.710
2009.161
2014.516
2019.938
2025.157
2030.430
2035.867
2041.211
2046.575
2051.922
2057.387
2062.706
2068.032
2073.440
2078.778
2084.170
2089.476
2094.706
2099.960
2105.150
2110.580
2115.526
2120.669
2126.077
2131.249
2135.707
2140.296
2144.855
2149.314
2153.833
2158.286
2162.863
2167.481
2172.020
2176.403
2180.974
2185.537
2190.114
2194.663
2199.164
2203.785
2208.304
2212.777
2217.389
2221.769
2226.108
2230.743
2235.103
2239.489
2244.042
2248.478
2252.887
2257.278
2261.783
2266.200
2270.650
2275.172
2279.590
2283.918
2288.439
2292.535
2296.935
2301.335
2305.657
2309.976
2314.240
2318.497
2322.819
2327.032
2331.379
2336.014
2340.435
2344.742
2349.038
2353.271
2357.485
2361.812
2366.067
2370.351
2374.685
2378.888
2383.034
2387.365
2391.632
2395.840
2400.063
2404.379
2408.221
2411.843
2415.351
2418.936
2422.386
2425.986
2429.431
2432.847
2436.407
2439.828
2443.377
2446.957
2450.466
2453.972
2457.486
2461.043
2464.595
2468.107
2471.563
2475.093
2478.556
2482.065
2485.548
2489.216
