1.254
6.005
11.006
16.251
21.569
26.827
32.153
37.418
42.758
48.153
53.468
58.821
64.139
69.659
75.076
80.547
85.955
91.363
96.725
102.056
107.286
112.505
117.798
123.092
128.343
133.573
138.658
143.737
148.865
154.013
159.416
164.602
169.970
175.472
180.738
186.148
191.515
196.899
202.507
208.009
213.404
218.866
224.409
229.982
235.529
241.209
246.759
252.326
257.847
263.436
268.955
274.441
280.131
285.731
291.317
296.922
302.508
307.782
313.352
318.879
324.310
329.698
335.058
340.527
345.786
351.088
356.547
361.976
367.378
372.894
378.330
383.684
389.145
394.571
400.031
405.527
411.056
416.530
421.976
427.382
432.835
438.209
443.618
448.978
454.316
459.665
465.047
470.343
475.706
481.000
486.294
491.593
496.988
502.350
507.647
513.032
518.414
523.703
529.031
534.327
539.551
544.797
550.051
555.271
560.528
565.745
570.963
576.220
581.665
587.188
592.643
597.908
603.150
608.369
613.568
618.781
623.983
629.144
634.384
639.539
644.702
649.767
655.032
660.138
665.280
670.714
676.228
681.171
685.902
