106.988
117.569
128.343
139.067
146.996
159.481
170.209
180.984
199.128
209.807
220.485
231.005
241.500
251.969
262.385
273.142
283.658
293.815
304.333
314.331
325.084
335.790
346.268
356.656
367.296
378.041
388.780
399.357
409.868
420.336
430.853
441.580
452.264
462.750
473.188
483.515
494.002
504.059
514.435
524.262
534.663
544.865
555.357
565.873
576.335
586.682
597.004
607.420
617.971
628.404
638.718
648.967
659.204
669.339
679.690
690.241
700.571
710.763
720.939
731.221
741.380
751.565
761.445
771.416
781.200
791.062
800.847
811.038
821.245
830.029
839.396
849.646
859.624
869.629
879.661
889.759
899.959
909.992
919.861
929.731
939.722
949.735
959.882
970.098
980.200
990.110
1000.176
1010.250
1020.194
1030.159
1040.237
1050.468
1060.514
1070.653
1082.057
1085.646
1089.057
1092.455
1095.790
1099.131
1102.404
1105.678
1108.988
1112.245
1115.507
1118.771
1122.024
1125.218
1128.382
1131.577
1134.785
1138.013
1141.184
1144.268
1147.419
1150.407
1153.547
1156.673
1159.753
1162.825
1165.925
1168.989
1172.085
1175.157
1178.346
1181.588
1184.815
1188.059
1191.233
1194.147
1197.305
1200.369
1203.461
1206.580
1209.596
1212.450
1215.580
1218.872
1222.042
1225.120
1228.202
1231.442
1234.643
1237.794
1240.976
1244.070
1247.241
1250.427
1253.636
1256.820
1259.987
1263.253
1266.444
1269.618
1272.809
1276.025
1279.192
1282.334
1285.506
1288.690
1291.873
1295.027
1298.229
1301.433
1304.606
1307.825
1310.973
1314.112
1317.329
1320.436
1323.593
1326.677
1329.811
1332.962
1336.111
1339.236
1342.413
1345.525
1348.659
1351.839
1354.950
1358.054
1361.192
1364.281
1367.455
1370.523
1373.697
1376.883
1380.101
1383.247
1386.427
1389.582
1392.744
1395.886
1399.036
1402.178
1405.341
1408.438
1411.560
1414.647
1417.677
1420.777
1423.834
1426.851
1429.994
1433.107
1436.208
1439.203
1442.175
1445.280
1448.349
1451.439
