2.690
4.210
5.930
7.750
9.510
11.470
13.350
15.210
17.010
18.870
20.650
22.390
24.190
25.950
27.710
29.470
31.250
33.090
34.890
36.730
38.570
40.390
42.170
43.950
45.790
47.610
49.470
51.310
53.150
54.970
56.790
58.530
60.290
62.070
63.890
65.670
67.450
69.190
70.990
72.710
74.450
76.210
77.970
79.710
81.550
83.310
85.090
86.850
88.670
90.430
92.210
94.010
95.710
97.430
99.210
100.950
102.750
104.530
106.350
108.090
109.870
111.650
113.390
115.130
116.830
118.510
120.190
121.790
123.430
125.030
126.550
128.170
