403.960
438.176
473.541
509.206
544.753
581.604
617.420
653.820
689.718
725.216
760.582
795.065
829.429
863.635
898.078
932.078
965.773
999.282
1033.247
1066.916
1100.155
1132.918
1166.404
1199.639
1232.492
1265.482
1298.643
1340.943
1363.722
1387.106
1407.424
1427.760
1448.327
1469.224
1490.396
1511.200
1531.935
1553.053
1575.045
1579.637
1585.345
1590.747
1596.343
1601.999
1607.558
1613.114
1618.594
1624.137
1629.573
1635.094
1640.639
1646.153
1651.678
1657.139
1662.608
1668.173
1673.823
1679.408
1684.920
1690.382
1695.776
1701.280
1706.776
1712.290
1717.673
1723.110
1728.433
1733.731
1739.096
1744.412
1749.777
1755.208
1760.592
1766.107
1771.654
1777.153
1782.600
1788.013
1792.935
1797.619
1802.429
1807.213
1812.019
1816.860
1821.629
1826.495
1831.577
1836.521
1841.570
1846.113
1850.385
1854.638
1858.843
1862.984
1867.196
1871.357
1875.513
1879.610
1883.741
1887.893
1891.985
1896.117
1900.208
1904.386
1908.514
1912.646
1916.910
1921.361
