458.424
498.955
539.341
580.769
624.000
667.359
711.419
755.560
799.306
843.105
887.014
930.342
973.775
1016.491
1060.365
1104.286
1147.966
1191.114
1234.129
1277.524
1321.604
1365.992
1409.605
1454.588
1498.186
1541.320
1583.766
1626.331
1670.142
1701.738
1733.602
1765.722
1797.727
1829.416
1861.090
1892.518
1919.049
1947.735
1977.061
2006.682
2010.912
2015.643
2020.281
2024.951
2029.601
2034.213
2038.840
2043.487
2047.894
2052.272
2056.547
2060.954
2065.342
2069.824
2074.340
2078.732
2083.260
2087.751
2092.351
2096.984
2101.620
2106.193
2110.720
2115.278
2119.859
2124.382
2128.857
2133.397
2137.939
2142.533
2147.059
2151.637
2156.143
2160.600
2165.089
2169.508
2174.044
2178.482
2182.900
2187.318
2191.888
2196.504
2201.031
2205.520
2210.216
2214.849
2219.360
2223.894
2228.508
2233.076
2237.576
2242.176
2246.645
2251.143
2255.555
2260.033
2264.457
2268.887
2273.384
2277.868
2282.420
2286.931
2291.365
2295.798
2300.247
2304.727
2309.190
2313.565
2318.044
2322.566
2327.014
2331.411
2335.852
2340.201
2344.552
2348.958
2353.335
2357.764
2362.194
2366.134
2369.859
2373.460
2377.121
2380.879
2384.697
2388.504
2392.316
2396.243
2400.102
2404.053
2407.884
2411.786
2415.688
2419.264
2422.853
2426.465
2430.234
2433.885
2437.542
2441.230
2445.005
2448.833
2452.701
2456.510
2460.248
2464.067
2467.721
2471.307
2474.954
2478.730
2482.462
2486.181
2489.919
2493.676
2497.444
2501.173
2504.931
2508.664
2512.358
2516.312
