1651.550
1664.490
1677.410
1689.992
1702.824
1715.559
1728.359
1741.230
1753.890
1766.849
1779.370
1792.046
1804.467
1816.939
1829.270
1841.850
1854.204
1866.466
1878.610
1890.790
1902.890
1915.270
1927.895
1940.248
1952.496
1964.799
1977.130
1989.404
2001.530
2013.690
2025.894
2037.470
2049.322
2061.389
2072.602
2085.270
2097.673
2110.073
2122.455
2134.736
2147.046
2159.141
2171.040
2183.308
2195.750
2207.820
2220.183
2232.484
2244.760
2256.817
2269.027
2281.192
2293.399
2305.380
2317.361
2329.201
2340.715
2352.909
2365.082
2377.324
2389.931
2402.424
2415.007
2427.703
2440.229
2452.738
2465.082
2477.624
2490.077
2502.678
2515.068
2527.499
2539.857
2552.417
2564.762
2577.083
2589.425
2601.687
2613.911
2626.176
2638.274
2650.537
2662.743
2674.644
2686.830
2698.906
2711.182
2723.272
2735.654
2748.305
2760.256
2771.625
2781.946
2792.701
2803.870
2815.797
2826.414
2836.828
2847.335
2858.956
2869.497
2881.224
2892.874
2904.422
2916.252
2927.818
2939.170
2950.207
2961.068
2971.953
2982.831
2993.251
3003.813
3015.117
3026.423
3037.681
3048.981
3060.120
3071.042
3081.754
3092.279
3102.770
3113.226
3123.853
3134.513
3145.234
3156.298
3167.385
3178.485
3189.514
3200.770
3211.976
3222.965
3233.888
3244.794
3255.472
3266.014
3275.743
3285.217
3294.978
3306.168
3317.357
3328.352
3339.534
3350.727
3362.197
3373.138
3384.723
3396.281
3407.275
3418.593
3429.703
3440.826
3452.099
3463.663
3475.649
3487.347
3498.919
3510.599
3522.190
3533.742
3545.317
3556.737
3567.844
3578.601
3588.886
3598.359
3608.095
3618.111
3627.461
3638.304
3648.245
3657.619
3668.869
3677.998
3687.135
3696.026
3704.947
3714.278
3723.529
3732.979
3742.294
3751.520
3760.772
3771.797
