778.785
783.589
788.517
793.466
798.413
803.389
808.291
813.249
818.092
823.019
828.019
833.095
838.242
843.183
848.165
853.120
858.165
863.220
868.298
873.284
878.333
883.490
888.576
893.446
898.248
903.048
907.835
912.793
917.834
922.849
927.887
932.914
937.892
942.928
948.065
953.023
957.997
962.930
967.964
973.083
978.180
983.192
988.132
992.972
997.861
1002.884
1007.825
1012.885
1017.753
1022.719
1027.807
1032.760
1037.847
1042.766
1047.442
1052.070
1056.927
1061.973
1066.807
1071.562
1076.422
1081.548
1086.511
1091.560
1096.483
1101.585
1106.561
1111.335
1115.887
1120.740
1125.607
1130.361
1135.046
1139.740
1144.509
1149.120
1153.704
1158.161
1162.796
1167.509
1172.074
1176.634
1181.256
1186.000
1190.633
1195.174
1199.771
1204.375
1208.960
1213.422
1217.947
1222.274
1226.652
1230.998
1235.290
1239.670
1244.404
1249.248
1254.073
1258.772
1263.358
1267.840
1272.321
1276.683
1281.083
1285.508
1289.804
1294.298
1298.733
1303.356
1308.085
1312.686
1317.325
1321.947
1326.521
1330.913
1335.322
1339.666
1344.034
1348.390
1352.720
1357.117
1361.523
1365.851
1370.621
1375.269
1379.810
1384.271
1388.660
1393.066
1397.481
1401.936
1406.286
1410.686
1414.998
1419.303
1423.598
1427.792
1431.983
1436.700
1441.767
1446.756
1451.469
1456.181
1460.868
1465.490
1470.226
1475.051
1479.906
1484.988
1489.785
1494.595
1499.228
1503.758
1508.675
1513.611
1518.415
1522.780
