137.559
143.481
149.325
155.283
161.211
167.117
173.171
179.233
184.931
190.247
195.450
200.721
205.958
211.164
216.279
221.580
226.819
232.142
237.509
242.959
248.289
253.592
258.632
263.895
269.184
274.387
279.720
285.186
290.614
296.080
301.592
307.035
312.426
317.769
323.144
328.536
333.908
339.437
344.906
350.263
355.560
361.164
366.698
372.106
377.498
382.941
388.498
393.958
399.420
404.657
409.937
415.235
420.473
425.754
431.049
436.394
441.654
447.017
452.364
457.633
462.986
468.281
473.685
479.143
484.507
489.844
495.076
500.338
505.655
510.964
516.316
521.615
526.897
532.168
537.533
542.719
548.127
553.549
558.799
564.126
569.606
574.974
580.091
585.476
590.580
595.841
601.108
606.311
611.445
616.669
621.954
627.201
632.597
637.928
643.198
648.346
653.543
658.858
664.101
669.411
674.695
679.266
683.730
688.416
692.953
697.624
702.306
706.864
711.548
716.251
720.885
725.554
730.163
734.903
739.614
744.302
749.001
753.657
758.346
763.054
767.704
772.502
777.212
781.860
786.594
791.397
796.134
800.878
805.652
810.358
815.031
819.724
824.488
829.252
833.974
838.194
842.378
846.503
850.751
855.026
859.294
863.526
867.759
871.901
876.227
880.445
884.668
888.932
893.275
897.583
901.880
906.152
910.437
914.659
918.993
923.317
927.677
931.914
935.842
939.878
943.489
947.269
950.734
954.190
957.666
961.132
964.522
967.954
971.370
974.779
978.257
981.632
985.163
988.656
992.044
995.462
998.897
1002.247
1005.621
1008.975
1012.374
1015.669
1018.980
1022.360
1025.790
1029.197
1032.504
1035.913
1039.279
1042.669
1046.074
1049.430
1052.831
1056.165
1059.553
1062.977
1066.299
1069.616
1072.931
1076.269
1079.602
1082.895
1086.204
