269.527
278.188
286.752
295.483
304.186
312.923
321.753
330.588
339.404
348.449
357.129
365.290
374.027
382.987
391.947
401.049
410.093
419.013
427.960
436.846
445.652
454.560
463.542
472.552
481.431
490.592
499.563
508.635
517.573
526.582
535.690
544.955
554.131
563.193
572.406
581.508
590.653
599.796
608.998
618.131
627.368
636.729
645.965
655.160
664.427
673.655
682.893
691.818
700.822
709.912
718.867
727.751
736.743
745.796
754.950
763.991
773.137
782.138
791.229
800.197
808.925
817.821
826.845
835.666
844.620
853.679
862.627
871.511
880.434
889.211
897.953
906.797
915.562
924.471
933.323
942.063
951.063
960.058
968.931
977.888
986.764
995.599
1004.577
1013.316
1021.980
1030.734
1039.314
1048.076
1056.827
1065.642
1074.642
1083.394
1090.815
1098.098
1105.618
1113.179
1120.771
1128.290
1135.984
1143.571
1151.010
1158.496
1165.839
1172.857
1179.962
1187.303
1194.600
1201.675
1208.760
1214.962
1220.684
1226.353
1231.994
1237.586
1243.163
1248.718
1254.167
1259.690
1265.190
1270.608
1275.986
1281.290
1286.543
1291.896
1297.300
1302.627
1307.956
1313.401
1318.571
1323.885
1329.100
1334.286
1339.426
1344.450
1349.408
1354.452
1359.750
1364.155
1368.424
1372.622
1376.704
1380.863
1385.116
1389.357
1393.416
1397.518
1401.743
1406.037
1410.257
1414.454
1418.478
1422.595
1426.590
1430.628
1434.784
1438.906
1442.876
1446.845
1450.961
1455.127
1459.105
1463.129
1467.188
1471.190
1475.206
1478.947
1482.748
1486.661
1490.510
1494.492
1498.327
1502.162
1506.079
1509.988
1513.932
1518.001
1522.029
1526.073
1530.033
1533.967
1538.008
1542.041
1545.951
1549.861
1553.714
1557.561
1561.378
1565.337
1569.208
1572.956
1576.892
1580.786
1584.398
1588.190
1591.939
1595.616
1599.363
1603.410
