61.751
67.956
73.479
79.100
84.935
90.584
96.198
101.581
107.218
112.837
118.387
123.832
129.355
134.988
140.519
146.139
151.742
157.383
162.863
168.247
173.913
179.491
184.908
190.555
196.097
201.804
207.456
213.046
218.575
224.170
229.781
235.529
241.141
246.744
252.052
257.324
262.653
267.923
273.194
278.547
283.853
289.088
294.879
300.447
306.323
312.378
317.942
323.797
329.753
335.367
341.380
346.767
352.769
358.133
363.764
369.290
375.225
380.604
386.328
391.860
397.218
402.889
408.476
413.929
419.519
424.955
430.301
435.724
441.268
446.841
452.354
457.790
463.306
468.788
474.256
479.749
485.216
490.592
496.256
501.638
507.215
512.791
518.307
523.867
529.243
534.787
540.298
545.756
551.281
556.810
562.373
568.041
573.450
579.117
584.712
590.343
595.940
601.547
607.320
613.037
618.649
624.332
630.050
635.861
641.503
647.304
653.073
658.894
664.671
670.394
676.124
681.753
687.315
692.980
698.553
704.099
709.455
714.728
720.036
725.399
730.675
735.824
741.363
746.857
752.532
758.077
763.553
769.108
774.499
779.575
784.557
