295.827
341.200
387.000
433.039
479.420
525.657
571.084
616.682
661.635
706.492
751.047
795.347
839.755
883.776
927.384
971.498
1015.357
1058.129
1101.099
1144.018
1186.159
1229.135
1272.427
1315.516
1359.052
1401.237
1443.901
1486.356
1529.034
1562.351
1594.065
1625.147
1655.616
1686.000
1715.976
1745.722
1770.245
1792.735
1814.939
1836.673
1857.853
1879.459
1901.269
1923.122
1944.965
1952.465
1956.053
1959.763
1963.591
1967.296
1971.212
1975.176
1979.105
1983.047
1987.043
1991.084
1995.151
1999.173
2003.143
2007.060
2010.890
2014.800
2018.826
2022.848
2026.887
2030.952
2035.023
2039.075
2043.027
2047.029
2051.019
2055.100
2059.066
2063.171
2067.215
2071.232
2075.285
2079.260
2082.744
2086.094
2089.438
2092.804
2096.164
2099.521
2102.841
2106.142
2109.517
2112.872
2116.252
2119.591
2122.868
2126.135
2129.474
2132.819
2136.157
2139.508
2142.855
2146.190
2149.524
2152.882
2156.192
2159.543
2162.873
2166.235
2169.610
2172.958
2176.331
2179.714
2183.057
2186.365
2189.689
2192.957
2196.288
2199.565
2202.902
2206.246
2209.502
2212.808
2216.135
2219.498
2222.866
2225.855
2228.845
2231.910
2234.927
2237.976
2241.063
2244.094
2247.118
2250.120
2253.086
2256.071
2259.155
2262.241
2265.298
2268.353
2271.373
2274.425
2277.487
2280.490
2283.541
2286.543
2289.500
2292.516
2295.543
2298.580
2301.594
2304.618
2307.612
2310.627
2313.611
2316.645
2319.673
2322.602
