56.483
63.710
70.861
78.039
85.189
92.316
99.396
106.438
113.390
120.478
127.704
134.827
142.018
149.255
156.515
163.665
170.794
177.990
185.098
192.212
199.167
206.214
213.406
220.517
227.489
234.378
241.477
248.556
255.535
262.690
269.818
276.810
283.888
290.953
298.144
305.188
312.318
319.496
326.588
333.692
339.508
346.637
353.633
360.574
367.491
374.403
381.369
388.426
395.336
402.506
409.647
416.690
423.596
430.618
437.642
444.722
451.727
458.649
465.797
472.779
479.816
486.940
493.993
500.993
507.893
514.789
521.761
528.686
535.647
542.617
549.654
556.516
563.589
570.485
577.515
584.547
591.607
598.613
605.594
612.407
859.562
861.530
863.421
865.297
867.179
869.097
870.992
872.934
874.821
876.733
878.611
880.514
882.380
884.235
886.106
887.960
889.869
891.745
893.631
895.524
897.406
899.214
901.037
902.843
904.592
906.349
908.200
910.032
911.859
913.649
915.462
917.310
919.145
920.964
922.815
924.678
926.535
928.372
930.208
932.100
933.924
935.814
937.610
939.437
941.302
943.108
