1773.760
1786.522
1799.104
1811.652
1824.247
1836.517
1849.282
1861.668
1873.953
1885.975
1897.995
1910.240
1922.485
1934.539
1946.684
1959.179
1971.477
1983.756
1995.915
2007.927
2019.871
2031.770
2043.775
2056.119
2068.242
2080.505
2092.817
2105.262
2117.730
2130.000
2142.154
2154.541
2166.911
2179.465
2192.009
2204.537
2217.047
2229.613
2241.983
2254.513
2266.988
2279.247
2291.512
2303.969
2316.629
2328.771
2341.017
2353.399
2365.541
2377.659
2390.002
2401.494
2413.326
2425.600
2437.946
2450.250
2462.249
2474.336
2486.508
2498.500
2510.795
2522.802
2534.785
2546.834
2558.749
2570.744
2582.713
2594.592
2606.464
2618.547
2630.656
2642.871
2655.167
2667.168
2679.120
2690.799
2702.496
2714.274
2725.871
2737.358
2748.835
2760.293
2772.186
2784.072
2795.470
2806.857
2818.056
2829.361
2840.593
2851.231
2861.513
2871.776
2882.209
2892.142
2901.875
2911.635
2921.494
2931.163
2940.238
2949.651
2959.020
2969.576
2980.877
