973.232
975.567
978.047
980.457
982.990
985.350
987.750
990.190
992.630
995.070
997.470
999.930
1002.290
1004.770
1007.170
1009.590
1011.950
1014.410
1016.930
1019.230
1021.630
1024.090
1026.490
1028.870
1031.310
1033.790
1036.170
1038.610
1041.010
1043.530
1046.130
1048.570
1051.010
1053.510
1056.010
1058.490
1061.090
1063.650
1066.190
1068.690
1071.150
1073.630
1076.130
1078.570
1080.930
1083.490
1086.070
1088.570
1091.010
1093.470
1096.050
1098.590
1101.170
1103.710
1106.250
1108.810
1111.370
1113.830
1116.370
1118.850
1121.390
1123.850
1126.290
1128.618
1131.224
1133.545
1136.002
1138.491
1141.005
1143.684
1146.113
1148.630
1151.130
1153.570
1156.090
1158.590
1161.090
1163.490
1165.970
1168.310
1170.890
1173.470
1176.010
1178.470
1180.970
1183.430
1185.930
1188.410
1190.910
1193.350
1195.870
1198.390
1200.850
1203.210
1205.710
1208.210
1210.770
1213.430
1215.950
1218.170
1220.650
1223.130
1225.670
1228.110
1230.650
1233.070
1235.590
1238.070
1240.510
1243.050
1245.630
1248.050
1250.586
1253.105
1255.549
1257.917
1260.344
1262.492
1264.640
1266.811
1269.120
1271.518
1273.889
1276.383
1278.690
1281.170
1283.610
1286.010
1288.430
1290.890
1293.290
1295.650
1298.030
1300.370
1302.590
1304.910
1307.250
1309.610
1311.970
1314.330
1316.610
1318.970
1321.310
1323.630
1325.870
1328.210
1330.490
1332.870
1335.150
1337.510
1339.790
1342.090
1344.390
1346.570
1348.830
1351.090
1353.390
1355.710
1358.010
1360.270
1362.570
1364.950
1367.270
1369.530
1371.930
1374.230
1376.510
1378.890
1381.170
1383.450
1385.750
1388.010
1390.290
1392.650
1394.970
1397.290
1399.590
1401.910
1404.190
1406.470
1408.710
1411.010
1413.310
1415.590
1417.830
1420.150
1422.430
1424.730
1427.030
1429.350
1431.690
1433.910
1436.190
1438.510
1440.763
1443.119
1445.444
1447.746
1450.006
1452.284
1454.603
1456.928
1459.209
1461.469
1463.785
1466.042
1468.311
1470.569
1472.870
1475.108
1477.389
1479.687
1481.998
1484.369
1486.724
1488.935
1491.150
1493.450
1495.710
1497.950
1500.230
1502.490
1504.750
1507.030
1509.270
1511.490
1513.708
1515.930
1518.170
1520.410
1522.610
1524.870
1527.130
1529.359
1531.670
1533.910
1536.210
1538.662
1541.069
1543.304
1545.533
1547.833
1550.117
1552.340
1554.738
1557.033
1559.391
1561.510
1563.730
1565.910
1568.130
1570.370
1572.780
1575.250
1577.576
1579.966
1582.183
1584.731
1586.953
1589.167
1591.297
1593.468
1595.774
1598.086
1600.325
1602.531
1604.645
1606.829
1608.951
1611.094
1613.224
1615.283
1617.443
1619.624
1621.721
1623.835
1625.968
1628.212
1630.418
1632.409
1634.450
1636.650
1638.783
1640.954
1643.016
1645.066
1647.222
1649.319
1651.424
1653.551
1655.617
1657.750
1659.810
1661.828
1663.810
1665.741
1667.790
1669.850
1671.825
1673.870
1675.870
1677.775
1679.714
1681.989
1684.172
1686.360
1688.430
1690.730
1693.110
1695.410
1697.770
1700.050
1702.350
1704.481
1706.783
1709.175
1711.330
1713.750
1715.970
1718.250
1720.530
1722.810
1725.130
1727.430
1729.690
1731.950
1734.250
1736.450
1738.610
1740.670
1742.710
