0.534
3.266
6.147
8.760
11.447
14.118
16.745
19.284
21.897
24.472
27.004
29.636
32.282
34.792
37.270
39.806
42.388
44.993
47.539
50.073
52.607
55.099
57.563
60.180
62.733
65.317
67.790
70.324
72.843
75.337
77.822
80.345
82.838
85.229
87.783
90.194
92.808
95.400
97.767
100.212
102.606
105.239
107.390
109.837
112.251
114.699
117.155
119.507
121.853
124.321
126.787
129.162
131.549
133.990
136.361
138.675
141.097
143.463
145.944
148.401
150.740
153.221
155.633
157.931
160.359
162.721
165.105
167.525
169.863
172.060
174.509
177.000
179.390
181.763
184.186
186.610
189.000
191.392
193.869
196.296
198.798
201.225
203.702
206.135
208.573
210.985
213.490
215.856
218.140
220.490
222.783
225.255
227.615
230.165
232.585
235.038
237.506
239.890
242.321
244.757
247.204
249.659
251.977
254.427
256.822
259.132
261.396
263.572
265.893
268.266
270.596
272.950
275.226
277.543
279.867
282.128
284.497
286.700
289.049
291.420
293.719
296.011
298.304
300.589
302.990
305.341
307.662
310.016
312.303
314.617
316.979
319.273
321.544
323.770
325.977
328.239
330.489
332.689
334.954
337.152
339.306
341.531
343.783
345.673
347.700
349.565
351.573
