3.648
5.387
7.041
8.620
10.172
11.761
13.386
14.994
16.567
18.112
19.661
21.262
22.766
24.426
25.878
27.552
29.153
30.781
32.636
34.030
35.650
37.270
38.870
40.510
42.110
43.750
45.370
47.030
48.650
50.330
52.070
53.810
55.490
57.170
58.870
60.494
62.061
63.850
65.610
67.390
69.130
70.870
72.550
74.270
76.050
77.810
79.550
81.350
83.070
84.870
86.670
88.430
90.190
91.970
93.770
95.530
97.270
99.030
100.810
102.630
104.450
106.270
108.110
109.890
111.710
113.570
115.330
117.170
119.010
120.730
122.470
124.290
126.070
127.830
129.570
131.350
133.130
134.910
136.650
138.310
140.050
141.790
143.530
145.290
147.030
148.770
150.530
152.250
154.050
155.810
157.590
159.330
161.110
162.950
164.870
166.710
168.550
170.530
172.470
174.410
176.310
178.110
179.950
181.850
183.670
185.570
187.470
189.330
191.170
193.030
194.870
196.750
198.610
200.450
202.290
204.130
205.970
207.790
209.610
211.350
213.190
215.050
216.870
218.750
220.610
222.490
224.410
226.310
228.130
229.990
232.010
233.910
235.710
237.530
239.350
241.130
242.930
244.750
246.570
248.350
250.130
251.890
253.690
255.470
257.210
258.970
260.750
262.490
264.270
265.990
267.750
269.610
271.390
273.270
275.190
277.070
279.010
280.890
282.790
284.650
286.510
288.390
290.230
292.010
293.750
