0.522
4.744
9.906
15.243
20.425
25.596
30.772
35.981
41.176
46.409
51.512
56.721
61.976
67.155
72.362
77.535
82.602
87.747
92.847
97.881
102.900
107.890
112.870
117.940
122.850
127.670
132.580
137.700
142.760
147.780
152.870
157.860
162.840
167.740
172.780
177.770
182.760
187.690
192.580
197.580
202.500
207.480
212.490
217.520
222.420
227.240
232.350
237.180
242.020
246.950
251.800
256.870
261.820
266.790
271.630
276.580
281.400
286.250
291.060
295.950
300.880
305.610
310.360
315.060
319.700
324.410
329.190
333.990
338.780
343.540
348.310
352.970
357.520
