579.890
582.450
585.330
588.270
591.210
594.150
597.030
599.930
602.970
605.790
608.690
611.670
614.570
617.590
620.530
623.470
626.410
629.470
632.530
635.570
638.550
641.650
644.750
647.790
650.770
653.830
656.790
659.750
662.770
665.750
668.730
671.730
674.750
677.810
680.750
683.730
686.770
689.810
692.730
695.710
698.750
701.850
704.830
707.830
710.790
713.770
716.750
719.790
722.810
725.770
728.750
731.790
734.710
737.770
740.830
743.890
746.890
749.850
752.830
755.810
758.910
761.970
764.910
767.710
770.510
773.310
776.150
779.030
781.890
784.830
787.790
790.790
793.730
796.650
799.690
802.610
805.510
808.350
811.250
814.170
817.110
820.050
823.010
825.930
828.870
831.810
834.810
837.730
840.650
843.630
846.590
849.610
852.550
855.570
858.550
861.450
864.470
867.530
870.390
873.430
876.290
879.290
882.250
885.310
888.150
891.190
894.270
897.470
900.530
903.650
906.630
909.790
912.950
916.110
919.230
922.390
925.570
928.750
931.930
935.090
938.230
941.510
944.490
947.670
950.750
953.890
956.950
960.075
963.070
966.150
969.130
972.250
975.430
978.550
981.730
984.870
988.050
991.290
994.470
997.790
1000.950
1004.090
1007.290
1010.350
1013.510
1016.570
1019.690
1022.830
1025.930
1029.170
1032.390
1035.650
1038.830
1042.010
1045.230
1048.390
1051.550
1054.610
1057.750
1060.750
1063.890
1066.970
1070.050
1073.090
1076.130
1079.210
1082.230
1085.330
1088.410
1091.570
1094.670
1097.490
1100.290
1103.250
1106.130
1109.150
1112.170
1115.030
1117.990
1121.010
1123.910
1126.750
1129.670
1132.650
1135.710
1138.590
1141.630
1144.630
1147.570
1150.550
1153.570
1156.570
1159.610
1162.610
1165.490
1168.510
1171.510
1174.470
1177.270
1180.050
1182.790
1185.650
1188.530
1191.370
1194.210
1197.090
1200.042
1202.870
1205.750
1208.610
1211.430
1214.430
1217.150
1220.070
1223.030
1225.950
1228.790
1231.710
1234.630
1237.630
1240.590
1243.550
1246.470
1249.390
1252.270
1255.090
1258.030
1260.970
1263.816
1266.672
1269.481
1272.268
1275.031
1277.794
1280.750
1283.570
1286.430
1289.290
1292.130
1294.990
1297.750
1300.530
1303.570
1306.590
1309.550
1312.550
1315.550
1318.570
1321.506
1324.512
1327.496
1330.352
1333.350
1336.310
1339.430
1342.370
1345.370
1348.450
1351.490
1354.570
1357.530
1360.550
1363.570
1366.630
1369.610
1372.430
1375.350
1378.310
1381.130
1384.070
1386.990
1389.850
1392.750
1395.570
1398.510
1401.550
1404.570
1407.550
1410.450
1413.370
1416.210
1419.090
1421.990
1425.010
1428.030
1431.050
1434.030
1437.070
1440.136
1443.170
1446.190
1449.370
1452.290
1455.290
1458.270
1461.270
1464.290
1467.330
1470.310
1473.370
1476.370
1479.390
1482.470
1485.410
1488.390
1491.350
1494.370
1497.290
1500.250
1503.170
1506.170
1509.210
1512.230
1515.230
1518.190
1521.130
1524.130
1527.050
1530.090
1533.130
1536.090
1539.090
1542.150
1545.090
1548.050
1550.950
1553.910
1556.870
1559.750
1562.610
1565.550
1568.510
1571.230
1573.990
1576.790
1579.410
1582.090
1584.930
1587.650
1590.390
1593.070
1595.730
1598.450
1601.210
1603.990
1606.770
1609.490
1612.250
1614.950
1617.670
1620.370
1623.050
1625.710
1628.370
1631.110
1633.910
1636.630
1639.390
1642.110
1645.130
1648.150
1650.990
1653.450
1656.150
1658.990
1661.710
1664.450
1667.230
1669.950
1672.670
1675.550
1678.310
1680.910
1683.890
1686.810
1689.610
1692.490
1695.430
1698.310
1701.250
1704.130
1707.010
1709.950
1712.910
1715.870
1718.750
1721.530
1724.250
1726.950
