840.469
847.055
853.510
860.140
866.716
873.204
879.721
886.298
892.785
899.534
905.847
912.354
918.817
925.400
931.807
938.245
944.694
951.220
957.550
964.017
970.503
976.909
983.261
989.659
996.186
1002.813
1009.350
1016.188
1022.821
1029.397
1036.150
1042.862
1049.456
1056.068
1062.538
1068.977
1075.310
1081.413
1087.727
1094.306
1100.761
1107.178
1113.442
1119.871
1126.228
1132.545
1138.921
1145.450
1151.934
1158.631
1165.320
1172.028
1178.735
1185.303
1192.015
1198.549
1205.167
1211.615
1218.446
1225.156
1231.836
1238.552
1245.303
1251.990
1258.907
1265.362
1271.881
1278.472
1285.004
1291.540
1298.168
1304.685
1311.300
1317.488
1324.073
1330.541
1337.247
1343.836
1350.622
1357.146
1363.958
1370.650
1377.383
1383.889
1390.251
1396.565
1403.062
1409.638
1416.365
1422.935
1429.575
1436.286
1442.873
1449.150
1455.427
1461.766
1468.259
1474.520
1480.962
1487.273
1493.614
1499.809
1505.875
1512.033
1518.290
1524.606
1530.770
1536.981
1543.074
1549.197
1555.299
1561.390
1567.645
1573.733
1579.955
1586.052
1592.131
1598.434
1604.561
1610.649
1616.906
1623.607
1630.066
1636.498
1642.765
1649.082
1655.314
1661.482
1667.737
1673.955
1680.084
1686.258
1692.486
1698.677
1704.914
1711.133
1717.441
1723.613
1730.004
1736.255
1742.561
1748.747
1755.164
1761.339
1767.631
1773.857
1780.109
1786.349
1792.658
1798.967
1805.236
1811.481
1817.786
1823.965
1830.208
1836.280
1842.458
1848.595
1854.793
1861.088
1867.419
1873.780
1880.221
1886.519
1892.839
1899.281
1905.479
1911.629
1917.844
1924.005
1930.225
1936.467
1942.584
1948.582
1954.886
1961.484
1968.018
1974.591
1981.235
1987.764
1994.398
2000.913
2007.443
2013.751
2020.132
2026.688
2033.031
2039.560
2045.813
2052.081
2058.432
2064.810
2071.129
2077.660
2084.132
2090.396
