77.786
91.086
104.849
118.640
132.899
146.977
161.120
174.965
189.033
203.211
216.842
230.934
244.800
258.158
271.754
285.239
299.055
312.830
326.489
340.334
354.046
367.424
380.685
393.601
406.645
419.903
433.156
446.345
459.871
473.334
486.701
499.884
513.067
526.367
539.562
552.820
566.322
579.558
592.706
606.487
619.746
632.169
645.259
658.570
671.677
684.848
698.020
710.936
723.707
736.336
749.058
761.730
774.818
787.580
800.457
813.360
826.365
839.006
851.678
864.734
877.772
890.444
903.457
916.538
929.471
942.167
954.751
966.776
976.944
987.132
997.182
1007.463
1017.675
1028.032
1038.407
1048.613
1059.004
1069.571
1080.029
1090.374
1100.701
1106.204
1110.945
1115.399
1119.783
1124.114
1128.559
1132.926
1137.195
1141.289
1145.473
1149.800
1154.038
1158.171
1162.311
1166.519
1170.737
1174.747
1178.718
1182.808
1186.906
1190.775
1194.830
1198.940
1203.016
1207.167
1211.253
1215.269
1219.367
1223.352
1227.334
1231.278
1235.362
1239.287
1243.248
1247.277
1251.224
1255.179
1259.118
1263.175
1267.097
1271.126
1275.024
1278.994
1282.781
1286.683
1290.634
1294.599
1298.559
1302.566
