299.248
342.111
386.977
429.893
474.093
517.240
560.359
604.669
648.452
692.619
736.493
780.573
824.958
869.387
913.284
951.376
989.959
1028.440
1066.451
1104.338
1141.861
1178.778
1215.412
1252.008
1270.220
1306.612
1343.028
1375.579
1408.187
1441.224
1474.187
1506.718
1537.167
1568.906
1600.734
1632.318
1663.354
1688.444
1711.415
1733.567
1755.913
1758.728
1762.493
1766.295
1770.031
1773.702
1777.290
1780.967
1784.614
1788.253
1791.863
1795.616
1799.308
1802.983
1806.736
1810.468
1814.137
1817.829
1821.498
1825.252
1828.890
1832.632
1836.332
1839.911
1843.606
1847.214
1850.842
1854.600
1858.368
1862.166
1865.520
1869.100
1872.837
1876.450
1880.038
1883.747
1887.367
1891.032
1894.696
1898.451
1902.129
1905.891
1909.556
1913.161
1916.813
1920.586
1924.191
1927.758
1931.430
1935.092
1938.735
1942.337
1945.988
1949.614
1953.294
1956.919
1960.780
1964.210
1967.766
1971.388
1975.150
1978.842
1982.550
1986.136
1989.732
1993.321
1996.860
2000.523
2004.151
2007.580
2011.005
2014.343
2017.741
2021.220
2024.643
2028.083
2031.536
2035.035
2038.465
2041.903
2045.254
2048.711
2052.107
2055.657
2059.005
2062.480
2065.806
2069.302
2072.830
2076.363
2079.895
2083.402
2086.890
2090.351
2093.824
2097.124
2100.363
2103.731
2107.112
2110.441
2113.838
2117.268
2120.562
2123.984
2127.371
2130.755
2134.153
2137.420
2140.752
2143.907
2146.777
2149.657
2152.588
2155.424
2158.004
2160.727
2163.635
2166.505
2169.417
2172.265
2175.122
2177.789
2180.334
2182.942
2185.917
2188.730
2191.726
2194.661
2197.659
2200.598
2203.592
2206.510
2209.457
2212.412
2215.365
2218.200
2221.150
2224.102
2226.929
2229.868
2232.780
2235.771
2238.679
2241.619
2244.435
2247.115
2249.805
2252.515
2255.302
2258.143
2260.973
2263.687
2266.508
2269.065
2272.643
2276.255
2279.804
2283.390
2286.886
2290.410
2293.897
2297.404
2300.951
2304.493
2307.937
2311.518
2315.016
2318.481
2322.020
2325.624
2329.130
2332.824
2336.433
2339.918
2343.428
2346.971
2350.551
2354.045
2357.526
2360.958
2364.342
2367.877
2371.473
2374.985
2378.535
2382.099
2385.615
2389.056
2392.562
2396.118
2399.665
2403.200
2406.779
2410.175
2413.511
2416.800
2420.065
2423.367
2426.685
2430.145
2433.432
2436.701
2440.016
2443.395
2446.740
2450.050
2453.481
2456.886
2460.383
2463.887
2467.395
2470.824
2474.302
2477.749
2480.962
2484.138
2487.322
2490.518
2493.599
2496.761
2499.963
2503.192
2506.400
2509.771
2513.061
2516.439
2519.889
2523.163
2526.485
2529.857
2533.236
2536.613
2539.995
2543.395
2546.751
2550.224
2553.268
2556.648
2560.159
2563.497
2566.967
2570.375
2573.763
2577.138
2580.632
2584.114
2587.511
2590.979
2594.408
2597.775
2601.087
