1321.387
1332.759
1344.567
1350.407
1356.335
1368.198
1380.227
1392.412
1404.507
1416.378
1428.323
1440.411
1452.390
1464.359
1476.749
1489.275
1501.793
1514.241
1526.684
1539.007
1550.963
1562.975
1574.883
1587.036
1599.241
1611.309
1623.250
1635.314
1647.979
1660.314
1672.672
1684.710
1696.669
1708.619
1720.832
1732.950
1744.868
1756.565
1768.423
1780.593
1792.779
1804.727
1816.503
1828.205
1833.900
1839.900
1846.099
1852.173
1864.264
1876.366
1888.670
1901.202
1913.763
1926.004
1938.151
1950.355
1962.675
1974.973
1987.230
1999.454
2023.637
2035.826
2047.875
2060.209
2072.468
2084.530
2096.410
2107.946
2119.709
2131.897
2144.080
2156.006
2168.195
2180.478
2192.383
2204.055
2216.051
2227.798
2239.448
2251.129
2262.706
2274.349
2285.801
2297.258
2308.793
2320.154
2331.380
2342.411
2353.157
2363.934
2375.659
2387.706
2399.781
2411.654
2423.948
2435.967
2447.925
2459.960
2472.256
2484.512
2496.553
2508.915
2521.035
2532.941
2545.183
2557.485
2569.379
2580.935
2592.562
2604.029
2615.350
2626.292
2637.778
2649.263
2660.436
2671.957
2683.033
2694.231
2704.997
2716.030
2726.777
2737.622
2748.726
2759.864
2770.989
2782.263
2793.700
2805.735
2817.347
2828.637
2839.853
2851.109
2862.272
2873.170
2883.892
2894.438
2905.065
2915.478
2925.864
2937.077
2948.359
2959.387
2970.283
2980.671
2990.953
3001.354
3011.126
3020.894
3030.223
3039.447
3048.741
3057.966
3067.906
3077.899
3087.773
3098.616
3109.780
3120.886
3131.764
3142.790
3153.740
3164.590
3175.526
3186.406
3197.345
3208.302
3219.218
3230.812
3241.774
3251.694
