0.184
2.241
4.656
7.158
9.642
12.278
14.501
16.962
19.354
21.833
24.350
26.830
29.290
31.730
34.230
36.730
39.270
41.770
44.310
46.770
49.350
51.890
54.450
56.970
59.450
61.870
64.410
67.030
69.590
72.090
74.397
76.630
79.130
81.630
84.110
86.510
88.950
91.330
93.650
96.150
98.570
101.050
103.490
105.910
108.330
110.830
113.310
115.750
118.190
120.630
123.070
125.490
127.930
130.370
132.890
135.350
137.770
140.250
142.710
145.130
147.590
150.070
152.510
154.930
157.410
159.890
162.370
164.790
167.250
169.530
171.850
174.330
176.790
179.230
181.630
184.050
186.370
188.850
191.350
193.870
196.310
198.750
201.170
203.650
206.090
208.530
210.990
213.410
215.890
218.350
220.810
223.270
225.810
228.310
230.850
233.310
235.850
238.370
240.910
243.350
245.750
248.210
250.670
253.130
255.570
258.070
260.510
262.990
265.430
267.910
270.350
272.830
275.310
277.910
280.470
282.982
285.559
287.997
290.516
292.943
295.567
298.144
300.629
303.160
305.714
308.280
310.671
313.191
315.699
318.070
320.550
323.050
325.670
328.170
330.770
333.330
335.870
338.470
341.050
343.530
346.050
348.750
351.167
353.756
356.299
358.783
361.370
363.870
366.390
368.910
371.450
373.850
376.330
378.790
381.270
383.640
386.070
388.530
390.910
393.370
395.830
398.250
400.710
403.070
405.570
408.010
410.530
412.890
415.290
417.610
420.170
422.670
425.230
427.710
430.170
432.670
435.010
437.430
439.810
442.190
444.570
446.950
449.450
451.870
454.110
456.490
458.791
461.270
463.690
466.106
468.509
470.889
473.269
475.626
477.994
480.350
482.670
485.070
487.270
489.730
492.150
494.650
497.070
499.550
501.990
504.510
507.030
509.550
512.030
514.510
516.930
519.370
521.810
524.210
526.510
528.850
531.230
533.745
536.242
538.585
540.944
543.136
545.367
547.790
550.090
552.410
554.870
557.230
559.650
562.030
564.350
566.650
569.010
571.310
573.707
576.134
578.560
580.940
583.320
585.630
588.034
590.367
592.714
595.127
597.461
599.829
602.093
604.627
607.135
609.412
611.481
613.790
616.170
618.470
620.750
623.130
625.470
627.750
629.990
632.250
634.550
636.870
639.190
641.550
643.790
646.050
648.310
650.590
652.910
655.230
657.530
659.910
662.230
664.490
666.790
669.090
671.330
673.610
675.890
678.190
680.530
682.850
685.170
687.510
689.870
692.152
694.462
696.910
699.002
701.254
703.507
705.712
707.907
710.136
712.350
714.670
716.870
719.210
721.610
723.910
726.210
728.490
730.810
733.130
735.350
737.630
739.870
742.170
744.390
746.590
748.770
750.930
753.130
755.290
757.490
759.690
761.910
764.070
766.230
768.390
770.510
772.610
774.870
777.210
779.570
781.910
784.270
786.630
788.970
791.310
793.690
796.050
798.350
800.710
803.090
805.450
807.790
810.130
812.470
814.910
817.308
819.690
822.130
824.570
827.010
829.310
831.730
834.130
836.590
839.010
841.290
843.490
845.670
