129.093
135.471
141.871
148.427
155.091
161.146
167.468
173.767
180.365
186.946
193.297
199.621
206.216
212.735
219.161
225.567
231.740
238.114
244.436
250.781
257.058
263.620
270.088
276.317
282.803
289.343
295.949
302.515
309.040
315.222
321.750
328.097
334.651
341.160
347.504
353.977
360.292
366.526
372.964
379.332
385.782
392.289
398.796
405.227
411.663
417.970
423.561
429.104
434.818
440.331
446.061
451.882
457.531
463.169
468.723
474.552
480.473
486.481
492.475
498.431
504.237
509.934
515.902
521.497
527.216
532.759
538.130
543.640
549.024
554.526
560.118
565.677
571.371
576.383
581.208
586.016
590.831
595.952
600.959
605.995
610.897
616.065
621.183
626.399
631.497
636.741
641.967
647.105
652.231
657.249
662.471
