105.647
160.557
213.171
264.802
316.278
367.188
417.657
468.629
519.706
569.865
618.900
668.259
716.855
766.320
815.057
863.206
911.080
958.608
1005.910
1053.065
1100.384
1146.737
1192.604
1237.588
1282.865
1327.876
1371.808
1415.965
1423.567
1429.378
1435.200
1440.890
1446.482
1452.322
1457.939
1463.582
1469.278
1475.002
1480.520
1486.037
1491.573
1497.169
1502.837
1508.431
1514.088
1519.661
1525.288
1530.816
1536.331
1541.812
1547.316
1552.855
1558.327
1563.682
1569.012
1574.349
1579.598
1584.832
1590.044
1595.289
1600.496
1605.564
1610.844
1616.060
1621.275
1626.506
1631.608
1636.519
1641.305
1646.266
1651.235
1656.233
1661.212
1666.178
1671.086
1676.159
1681.330
1686.487
1691.633
1696.766
1701.876
1706.963
1712.112
1717.220
1722.373
1727.516
1732.553
1737.647
1742.797
1747.927
1753.008
1757.208
1761.224
1765.197
1769.227
1773.139
1777.090
1781.124
1785.102
1789.029
1793.022
1796.996
1801.067
1805.094
1809.002
1812.935
1816.845
1820.778
1824.722
1828.741
1832.778
1836.861
1840.761
1844.873
1848.835
1852.792
1856.714
