1139.519
1145.742
1151.267
1156.953
1162.689
1168.457
1174.185
1179.920
1185.413
1191.086
1196.701
1202.376
1208.107
1213.820
1219.143
1224.768
1230.415
1236.134
1241.620
1247.208
1252.786
1258.405
1264.059
1269.528
1275.353
1280.595
1285.909
1291.819
1297.659
1303.170
1308.898
1314.603
1320.283
1325.946
1331.650
1337.295
1342.957
1348.394
1353.975
1359.540
1365.110
1370.802
1376.057
1381.724
1387.280
1392.963
1398.422
1403.987
1409.516
1415.001
1420.550
1426.002
1431.507
1437.032
1442.516
1447.537
1452.942
1458.155
1463.896
1469.500
1475.079
1480.576
1486.220
1491.775
1497.049
1502.515
1507.974
1513.457
1518.900
1524.268
1529.730
1535.394
1540.848
1546.484
1552.047
1557.827
1563.635
1569.433
1575.153
1580.582
1586.039
1591.672
1597.150
1602.938
1608.391
1613.987
1619.586
1625.177
1630.835
1636.319
1642.061
1647.700
1653.121
1658.751
1664.295
1669.987
1675.552
1681.071
1686.460
1691.870
1697.506
1703.098
1708.511
1714.110
1719.818
1725.297
1731.085
1736.848
1742.442
1747.936
1753.475
1759.097
1764.449
1769.957
1775.406
1780.891
1786.336
1791.930
1797.407
1802.678
1808.091
1813.506
1818.622
1824.090
1829.303
1834.669
1839.926
1845.232
1850.594
1855.932
1861.184
1866.320
1871.632
1876.842
1882.086
1887.401
1892.682
1897.941
1903.375
1908.451
1913.738
1918.790
1923.992
1929.317
1934.536
1939.815
1945.125
1950.297
1955.611
1960.948
1966.123
1971.194
1976.288
1981.514
1986.572
1991.752
1996.791
2001.983
2007.089
2012.229
2017.281
2022.383
2027.460
2032.617
2037.769
2042.723
2047.795
2052.699
2057.765
2062.965
2067.958
2073.157
2078.127
2083.329
2088.715
2094.001
2099.124
2104.378
2109.644
2114.893
2120.202
2125.272
2130.346
2135.519
2140.676
2145.747
2150.873
2156.118
2161.451
2166.750
2171.573
2176.839
2181.956
2186.960
2192.131
2197.415
2202.577
2207.635
2212.618
2217.559
2222.510
2227.351
2232.341
2237.306
2242.129
2246.934
2251.601
2256.279
2260.915
2265.571
2270.326
2274.898
2279.314
2283.565
2287.852
2292.215
2296.465
2301.132
2305.840
2310.532
2315.220
2319.813
2324.375
2328.945
2333.539
2338.157
2342.848
2347.497
2352.216
2356.755
2361.288
2365.812
2370.384
2374.976
2379.578
2384.182
2388.633
2393.023
2397.364
2401.526
2405.947
2410.310
2414.665
2418.980
2423.312
2427.602
2432.502
2437.167
2441.633
2445.894
2450.136
2454.254
2458.471
2462.767
2466.952
2471.240
2475.508
2479.787
2484.066
2488.322
2492.581
2496.865
2501.077
2505.289
2510.158
2515.064
2520.315
2525.638
2530.941
