257.265
301.604
346.506
391.957
436.718
481.416
525.906
570.247
614.731
659.894
704.496
748.408
792.808
837.194
881.255
925.857
970.535
1014.635
1058.953
1103.439
1147.557
1191.120
1235.100
1279.359
1323.799
1368.323
1412.484
1456.620
1500.004
1543.879
1586.913
1595.408
1598.971
1602.712
1606.465
1610.184
1613.864
1617.559
1621.359
1625.100
1628.824
1632.547
1636.267
1639.998
1643.663
1647.320
1650.951
1654.610
1658.235
1661.882
1665.545
1669.249
1672.933
1676.553
1680.161
1683.782
1687.398
1691.000
1694.559
1698.198
1701.798
1705.414
1708.982
1712.582
1716.173
1719.773
1723.353
1726.890
1730.459
1734.024
1737.596
1741.147
1744.657
1748.029
1751.603
1755.137
1758.614
1762.190
1765.757
1769.253
1772.782
1776.314
1779.859
1783.431
1787.002
1790.557
1794.120
1797.676
1801.235
1804.790
1808.333
1811.822
1815.286
1818.861
1822.412
1825.902
1829.451
1832.922
1836.422
1839.929
1843.443
1846.953
1850.447
1853.933
1857.435
1860.861
1864.347
1867.916
1871.500
1875.018
1878.539
1882.063
1885.725
1889.035
1892.457
1895.812
1899.299
1902.749
1906.247
1909.692
1913.041
1916.559
1920.049
1923.538
1927.008
1930.404
1933.822
1937.271
1940.680
1944.147
1947.596
1951.078
1954.567
1958.055
1961.529
1964.888
1968.457
1971.900
1975.416
1978.890
1982.306
1985.831
1989.278
1992.654
1998.745
2003.245
2007.731
2012.160
2016.569
2021.009
2025.464
2029.990
2034.433
2038.972
2043.484
2048.022
2052.507
2056.979
2061.406
2065.894
2070.361
2074.822
2079.331
2083.824
2088.302
2092.714
2097.162
2101.637
2106.006
2110.441
2114.986
2119.475
2123.970
2128.386
2132.718
2137.098
2141.526
2145.927
2150.273
2154.547
2158.943
2163.023
2167.401
2171.886
2176.327
2180.757
2185.194
2189.647
2194.092
2198.498
2202.816
2207.102
2211.490
2215.882
2220.184
2224.559
2228.886
2233.061
2237.419
2241.631
2245.955
2250.275
2254.678
2259.120
2263.502
2267.875
2272.214
2276.551
2280.884
2285.202
2289.544
2293.814
2298.165
2302.493
2306.792
2311.065
2315.333
2319.529
2323.796
2328.086
2332.359
2336.573
2340.792
2344.911
2349.113
2353.245
2357.504
2361.697
2365.922
2370.135
2374.220
2378.257
2382.231
2386.176
2390.284
2394.365
2398.445
2402.506
2406.616
2410.653
2414.763
2418.837
2422.863
2426.908
2430.937
2435.059
2439.178
2443.202
2447.248
2451.341
2455.418
2459.536
2463.729
