1.149
3.088
5.027
6.950
8.910
10.890
12.810
14.710
16.630
18.610
20.490
22.390
24.310
26.210
28.150
29.990
31.870
33.790
35.630
37.470
39.290
41.170
43.030
44.850
46.730
48.610
50.470
52.250
54.150
56.090
58.050
59.970
61.930
63.830
65.670
67.550
69.470
71.350
73.210
74.990
76.870
78.770
80.630
82.410
84.250
86.130
87.970
89.730
91.610
93.470
95.310
97.110
98.970
100.910
102.650
104.610
106.490
108.490
110.370
112.290
114.210
116.170
118.050
119.970
121.910
123.810
125.690
127.590
129.530
131.510
133.410
135.350
137.310
139.230
141.210
143.150
145.030
146.950
148.850
150.790
152.690
154.590
156.450
158.370
160.210
162.050
163.890
165.750
167.550
169.390
171.230
173.110
174.930
176.790
178.570
180.470
182.330
184.190
185.970
187.870
189.830
191.810
193.750
195.630
197.450
199.330
201.170
202.990
204.790
206.650
208.470
210.290
212.070
213.810
215.630
217.430
219.170
220.850
222.610
224.370
226.110
227.870
229.650
231.590
233.390
235.150
236.890
238.610
240.370
242.290
244.250
246.210
248.170
250.090
251.990
253.970
255.942
257.875
259.763
261.690
