5.028
7.570
9.910
12.410
14.910
17.370
19.790
22.210
24.650
27.090
29.530
31.950
34.430
36.930
39.410
41.870
44.270
46.770
49.250
51.770
54.210
56.730
59.250
61.730
64.190
66.630
69.070
71.530
73.990
76.430
78.910
81.370
83.830
86.270
88.730
91.150
93.610
96.050
98.490
100.850
103.350
105.810
108.230
110.690
113.110
115.530
117.950
120.350
122.790
125.230
127.630
129.950
132.410
134.830
137.210
139.510
141.690
144.090
146.510
148.870
151.190
153.550
155.910
158.290
160.670
163.050
165.450
167.810
170.210
172.510
174.870
177.230
179.550
181.910
184.290
186.670
189.010
191.410
193.730
196.130
198.490
200.850
203.170
205.490
207.790
210.110
212.530
214.850
217.210
219.590
222.010
224.370
226.750
229.090
231.490
233.890
236.270
238.650
241.090
243.430
245.830
248.250
250.610
252.990
255.410
257.790
260.150
262.590
265.090
267.550
269.910
272.290
274.650
277.010
279.510
281.810
284.190
286.530
289.010
291.390
293.770
296.170
298.410
300.670
302.950
305.250
307.530
309.630
311.990
314.370
316.710
319.090
321.450
323.830
326.150
328.490
330.810
333.150
335.470
337.770
340.090
342.370
344.670
346.930
349.210
351.510
353.850
356.210
358.510
360.830
363.090
365.390
367.630
369.910
372.250
374.610
376.990
379.250
381.450
383.730
386.010
388.370
390.690
392.910
395.110
397.350
399.570
401.870
404.150
406.330
408.510
410.770
413.050
415.290
417.510
419.810
422.010
424.190
426.410
428.670
430.850
433.050
435.270
437.490
439.710
441.890
444.090
446.230
448.430
450.670
452.870
455.110
457.290
459.530
461.750
463.990
466.170
468.330
470.490
472.670
474.910
477.170
479.430
481.665
483.846
486.092
488.477
490.751
493.054
495.265
497.470
499.710
501.990
504.210
506.450
508.690
510.910
513.170
515.390
517.570
519.770
521.990
524.230
526.390
528.610
530.910
533.190
535.450
537.710
539.970
542.230
544.430
546.650
548.950
551.130
553.370
555.630
557.910
560.150
562.370
564.610
566.850
569.010
571.150
573.370
575.650
577.970
580.220
582.620
584.950
587.230
589.490
591.790
594.090
596.370
598.490
600.470
602.410
604.360
