141.746
147.327
152.556
157.684
162.709
167.765
172.761
177.800
182.747
187.837
192.988
198.104
203.039
207.936
212.996
218.008
222.987
228.046
232.971
237.690
242.410
247.077
252.087
257.026
261.831
266.585
271.143
275.377
279.524
283.617
287.788
292.179
296.513
300.769
304.988
309.108
313.295
317.515
321.767
326.056
330.286
334.465
338.565
342.605
346.675
350.766
354.911
359.070
363.226
367.322
371.388
375.516
379.538
383.571
387.639
391.685
395.627
399.551
403.533
407.518
411.540
415.651
419.767
423.870
427.964
432.024
436.099
440.131
443.968
447.791
451.715
455.694
459.708
463.769
467.789
471.621
475.602
479.559
483.616
487.732
491.623
495.493
499.327
503.180
506.946
510.829
514.777
518.561
522.363
526.091
529.844
533.657
537.442
541.359
545.263
549.157
552.973
556.785
560.385
564.232
568.105
572.022
575.934
579.553
583.187
586.859
590.541
594.269
597.982
601.647
605.275
608.973
612.669
616.361
620.132
623.671
627.351
631.075
634.773
638.438
642.148
645.805
649.450
653.267
