56.218
64.867
73.250
81.500
89.750
98.067
106.253
114.597
122.861
131.186
139.524
147.759
156.188
164.482
172.699
180.933
189.118
197.371
205.314
213.547
221.772
229.906
238.143
246.446
254.708
262.957
271.217
279.552
287.739
295.943
304.061
312.283
320.414
328.582
336.563
344.323
352.441
360.756
368.977
377.185
385.387
393.587
401.752
409.937
418.138
426.240
434.403
443.100
450.635
458.672
466.834
474.912
483.061
491.112
499.214
507.088
514.967
523.080
531.110
539.186
547.302
555.343
563.314
567.192
571.233
575.027
578.802
582.508
586.247
590.022
593.755
597.498
601.273
605.018
608.704
612.378
616.164
619.945
623.731
627.508
631.231
634.931
638.645
642.403
646.131
649.895
653.600
657.367
661.075
664.771
668.479
672.202
675.952
679.689
683.388
687.171
690.872
694.609
698.329
702.066
705.788
709.531
713.316
716.988
720.696
724.418
728.135
731.794
735.516
739.173
742.918
746.596
750.327
754.039
757.763
761.508
765.194
768.902
772.619
776.290
780.073
783.784
787.461
791.141
794.861
798.631
802.238
805.949
809.680
813.380
817.041
820.771
824.461
828.176
831.876
835.547
839.276
842.925
846.673
850.318
854.034
857.814
861.516
865.218
868.869
872.526
876.184
879.880
883.380
