20.678
25.982
31.544
36.994
42.502
48.138
53.784
59.537
65.085
70.654
76.140
81.701
87.182
92.808
98.541
104.115
109.629
115.238
120.666
125.969
131.351
136.645
141.992
147.425
152.784
158.070
163.341
168.765
174.138
179.464
184.835
190.198
195.492
200.707
206.143
211.490
216.733
221.900
227.131
232.498
237.818
242.897
248.205
253.505
258.698
263.936
269.116
274.486
279.810
285.109
290.288
295.512
300.817
306.133
311.265
316.704
322.250
327.490
333.024
338.384
343.649
349.069
354.565
359.879
365.134
370.438
375.712
381.128
386.539
391.979
397.101
402.234
407.375
412.461
422.753
427.872
432.922
437.788
442.779
447.591
452.675
457.640
462.577
467.399
472.261
477.113
482.102
486.969
492.053
497.107
502.122
507.134
511.993
516.898
521.756
526.611
531.374
536.063
540.755
545.758
550.794
555.785
560.713
565.603
570.414
575.146
579.950
584.691
589.475
594.542
599.509
604.564
609.432
614.243
618.991
623.731
628.428
633.147
637.670
642.246
647.246
652.290
657.234
662.092
666.789
671.528
676.304
680.818
686.036
691.204
696.346
701.491
706.658
711.749
716.625
721.258
