9.599
11.981
14.037
16.004
17.952
19.869
21.792
23.665
25.591
27.441
29.304
31.171
33.024
34.820
36.644
38.486
40.273
42.127
43.955
45.837
47.679
49.567
51.458
53.335
55.203
57.041
58.877
60.727
62.569
64.416
66.261
68.143
69.999
71.845
73.707
75.527
77.346
79.184
81.029
82.865
84.706
86.527
88.332
90.139
91.945
93.767
95.588
97.408
99.259
101.004
102.766
104.490
106.223
107.996
109.749
111.531
113.289
115.086
116.878
118.682
120.457
122.192
123.966
125.743
127.515
129.286
131.045
132.807
134.609
136.406
138.199
139.996
141.799
143.610
145.424
147.267
149.137
150.999
152.838
154.657
156.443
158.198
160.029
161.808
163.640
165.454
167.247
169.027
170.800
172.577
174.353
176.135
177.966
179.878
181.658
183.453
185.278
187.118
188.891
190.718
192.580
194.437
196.283
198.106
199.883
201.727
203.598
205.424
207.272
209.086
210.929
212.763
214.587
216.367
218.195
220.029
221.812
223.629
225.489
227.347
229.149
230.971
232.757
234.551
236.354
238.176
239.972
241.788
243.538
245.307
247.093
248.861
250.648
252.490
254.276
256.086
257.895
259.694
261.492
263.249
264.960
266.743
268.498
270.253
272.041
273.788
275.569
277.343
279.114
280.931
282.730
284.506
286.269
287.990
289.780
291.533
293.302
295.076
296.851
298.624
300.395
302.210
303.951
305.735
307.528
309.294
311.065
312.809
314.569
316.313
318.057
319.816
321.542
323.306
325.026
326.763
328.547
330.319
332.094
333.829
335.637
337.396
339.204
341.016
342.791
344.567
346.367
348.155
349.967
351.761
353.521
355.298
357.059
358.820
360.603
362.343
364.110
365.816
367.535
369.285
371.024
372.792
374.533
376.265
378.041
379.814
381.531
383.299
385.022
386.772
388.466
390.200
391.894
393.601
395.312
397.020
398.710
400.465
402.224
403.939
405.669
407.490
409.229
410.981
412.671
414.406
416.122
417.850
419.558
421.318
423.049
424.771
426.493
428.261
429.996
431.759
433.510
435.279
437.020
438.751
440.478
442.167
443.873
445.570
447.254
448.959
450.633
452.305
454.017
455.698
457.419
459.210
460.882
462.661
464.427
466.163
467.918
469.714
471.465
473.216
475.016
476.777
478.538
480.273
481.992
483.755
485.510
487.299
489.032
490.819
492.529
494.229
495.945
497.604
499.330
501.053
502.776
504.501
506.200
507.927
509.655
511.379
513.050
514.776
516.473
518.204
519.894
521.596
523.292
525.037
526.775
528.514
530.249
532.020
533.756
535.482
537.163
538.868
540.559
542.273
543.985
545.710
547.437
549.170
550.747
552.396
554.086
555.798
557.473
559.233
560.914
562.612
564.314
566.032
567.740
569.440
571.085
572.837
574.543
576.246
577.918
579.599
581.347
583.049
584.746
586.433
588.166
589.860
591.514
593.204
594.862
596.543
598.155
599.784
601.461
603.135
604.824
606.470
608.192
609.845
611.559
613.244
614.930
616.609
618.294
620.010
621.651
623.335
625.020
626.746
628.501
630.236
631.939
633.620
635.314
637.009
638.763
640.498
642.220
643.903
645.600
647.335
649.053
650.788
652.531
654.282
656.049
657.816
659.543
661.270
662.995
664.682
666.437
668.170
669.883
671.613
673.334
675.022
676.714
678.412
680.143
681.853
683.514
685.216
686.910
688.589
690.310
692.012
693.718
695.407
697.114
698.882
700.584
702.278
703.981
705.678
707.388
709.053
710.768
712.416
714.093
715.800
717.506
719.159
720.845
722.584
724.310
726.029
727.771
729.463
731.176
732.890
734.596
736.314
737.943
739.584
741.228
742.873
744.518
746.128
747.804
749.490
751.122
752.771
754.380
756.055
757.689
759.359
761.037
762.686
764.386
766.105
767.806
769.536
771.203
772.914
774.584
776.266
777.968
779.536
