2.510
4.650
6.730
8.950
11.230
13.510
15.750
17.990
20.210
22.490
24.650
26.930
29.130
31.470
33.630
35.870
38.170
40.410
42.630
44.910
47.030
49.270
51.570
53.890
56.130
58.390
60.710
62.850
65.130
67.410
69.670
71.930
74.150
76.470
78.770
81.050
83.250
85.550
87.810
90.170
92.530
94.850
97.110
99.370
101.710
103.930
106.190
108.490
110.690
112.930
115.230
117.490
119.770
122.010
124.270
126.470
128.530
130.770
133.070
135.350
137.670
139.970
142.250
144.530
146.810
149.090
151.430
153.690
156.070
158.390
160.690
162.950
165.190
167.530
169.830
172.090
174.390
176.630
178.890
181.230
183.510
185.770
188.090
190.410
192.730
195.030
197.290
199.530
201.950
204.290
206.590
208.890
211.170
213.450
215.730
218.090
220.370
222.690
225.050
227.310
229.610
231.870
234.090
236.230
