1.233
2.914
4.550
6.450
8.270
10.070
11.930
13.810
15.670
17.530
19.350
21.250
23.110
25.030
26.810
28.690
30.530
32.410
34.250
36.130
37.990
39.870
41.730
43.590
45.410
47.290
49.150
51.030
52.870
54.710
56.590
58.430
60.310
62.150
64.050
65.930
67.730
69.610
71.430
73.290
75.130
77.010
78.890
80.810
82.750
84.630
86.470
88.370
90.230
92.090
93.890
95.770
97.690
99.590
101.470
103.330
105.230
107.090
108.930
110.810
112.710
114.570
116.410
118.290
120.190
122.030
123.950
125.830
127.670
129.567
131.430
133.250
135.110
136.990
138.850
140.690
142.530
144.430
146.250
148.110
149.930
151.790
153.650
155.410
157.270
159.130
160.970
162.810
164.690
166.530
168.410
170.330
172.110
174.050
175.950
177.730
179.530
181.290
183.050
184.810
186.610
188.430
190.210
192.090
193.950
195.810
197.610
199.450
201.290
203.130
205.010
206.870
208.770
210.670
212.550
214.450
216.330
218.250
220.130
222.010
223.810
225.670
227.470
229.310
231.150
232.990
234.810
236.630
238.390
240.190
241.990
243.870
245.710
247.550
249.330
251.150
252.950
254.770
256.590
258.310
260.010
