239.216
284.285
328.990
373.418
418.165
462.788
507.327
551.242
595.380
638.430
682.191
725.995
770.760
814.997
858.789
903.381
947.351
991.077
1036.205
1080.323
1123.593
1166.466
1209.931
1252.955
1296.306
1339.466
1382.873
1425.630
1468.128
1510.724
1554.100
1596.624
1638.734
1681.273
1723.905
1766.850
1809.493
1851.887
1895.584
1931.764
1967.505
2003.374
2039.380
2074.874
2111.271
2147.082
2183.407
2232.433
2267.938
2302.968
2339.213
2366.796
2393.792
2421.769
2449.178
2477.876
2506.265
2534.539
2537.358
2542.253
2547.177
2552.062
2556.894
2561.730
2566.502
2571.294
2576.198
2581.155
2586.076
2590.963
2595.629
2600.653
2605.555
2610.359
2615.220
2620.024
2624.800
2629.541
2634.245
2639.139
2643.992
2648.894
2653.755
2658.578
2663.373
2668.147
2672.818
2677.745
2682.561
2687.386
2692.164
2696.900
2701.780
2706.494
2711.112
2715.890
2720.676
2725.508
2730.239
2734.965
2739.712
2744.424
2749.071
2753.708
2758.341
2763.014
2767.747
2772.439
2777.190
2782.082
2786.892
2791.698
2796.506
2801.314
2806.004
2810.635
2815.331
2820.000
2824.659
2829.410
2834.155
2838.876
2843.318
2847.537
2851.845
2856.290
2860.841
2865.200
2869.798
2874.120
2878.633
2882.943
2887.584
2892.024
2896.357
2900.696
2905.426
2909.995
2914.594
2919.296
2923.608
2928.237
2932.841
2937.471
2941.906
2946.296
2950.745
2955.355
2959.440
2963.453
2967.727
2972.033
2976.322
2980.449
2984.641
2988.914
2993.290
2997.212
3001.141
3004.963
3008.992
3013.137
3017.233
3021.241
3025.228
3029.413
3033.531
3037.584
3041.610
3045.784
3049.933
3054.151
3058.192
3062.237
3066.477
3070.576
3074.724
3078.773
3082.994
3087.169
3091.272
3095.347
3099.591
3103.418
3107.241
3111.106
3115.000
3118.863
3122.859
3126.882
3130.874
3134.931
3138.992
3143.041
3147.200
3151.229
3155.516
3159.665
3163.735
3167.763
3171.800
3175.798
3179.747
3183.906
3187.837
3191.571
3195.386
3199.210
3203.137
3206.910
3210.718
3214.453
3218.349
3222.369
3226.227
3230.114
3233.968
3238.110
3242.121
3246.167
3250.163
3254.265
3258.363
3262.336
3266.153
3269.961
3273.918
3277.843
3281.773
3285.598
3289.445
3293.352
3297.297
3301.298
3305.320
3309.343
3313.304
3317.353
3321.386
3325.408
3329.704
