63.378
64.769
66.157
67.660
69.169
70.620
72.155
73.758
75.242
76.764
78.251
79.729
81.240
82.765
84.274
85.762
87.267
88.787
90.260
91.801
93.236
94.780
96.283
97.882
99.325
100.891
102.386
103.903
105.365
106.945
108.421
109.911
111.373
112.849
114.286
115.813
117.237
118.767
120.170
121.673
123.094
124.593
125.984
127.445
128.857
130.360
131.796
133.307
134.788
136.267
137.680
139.145
140.555
142.057
143.410
144.906
146.335
147.796
149.186
150.602
152.027
153.451
154.873
156.302
157.786
159.216
160.645
162.163
163.561
165.018
166.453
167.992
169.437
170.918
172.290
173.742
175.157
176.584
178.049
179.451
180.859
182.302
183.682
185.095
186.457
187.887
189.325
190.754
192.115
193.536
194.922
196.360
197.803
199.224
200.665
202.097
203.521
204.915
206.343
207.793
209.152
210.524
211.965
213.353
214.698
216.098
217.518
218.958
220.391
221.779
223.236
224.674
226.024
227.465
228.847
230.261
231.707
233.136
234.516
235.965
237.334
238.704
240.092
241.451
242.776
244.143
245.567
246.939
248.344
249.797
251.147
252.511
253.856
255.267
256.675
258.072
259.471
260.870
262.290
263.675
265.034
266.423
267.842
269.271
270.622
272.011
273.356
274.690
276.010
277.440
278.799
280.196
281.571
282.908
284.318
285.748
287.044
288.441
289.804
291.263
292.509
293.966
295.311
296.738
298.099
299.455
300.846
302.186
303.517
304.914
306.242
307.686
308.998
310.349
311.767
313.175
314.541
315.919
317.306
318.694
319.967
321.376
322.751
324.186
325.454
326.919
328.305
329.731
331.082
332.442
333.833
335.145
336.471
337.783
339.122
340.456
341.886
343.258
344.655
346.036
347.422
348.731
350.121
351.504
352.843
354.227
