28.230
31.036
33.469
35.850
38.470
40.970
43.530
46.110
48.650
51.190
53.750
56.330
58.970
61.490
64.030
66.570
69.090
71.650
74.150
76.710
79.210
81.730
84.170
86.650
89.190
91.710
94.170
96.610
99.070
101.590
104.090
106.730
109.190
111.670
114.150
116.650
119.070
121.602
124.017
126.392
128.857
131.204
133.695
136.195
138.718
141.134
143.518
145.951
148.342
150.824
153.281
155.665
158.065
160.473
162.938
165.322
167.812
170.179
172.555
175.102
177.306
179.795
182.146
184.563
186.987
189.322
191.648
194.010
196.350
198.650
201.050
203.430
205.850
208.270
210.730
213.150
215.510
217.910
220.290
222.750
225.230
227.690
230.110
232.550
234.950
237.290
239.690
242.089
244.563
247.004
249.453
251.853
254.277
256.669
259.093
261.502
264.081
266.390
268.790
271.250
273.730
276.130
278.530
280.970
283.350
285.810
288.270
290.710
293.190
295.590
298.030
300.470
302.810
305.150
307.710
310.130
312.550
314.990
317.350
319.730
322.030
324.430
326.810
329.190
331.590
333.950
336.350
338.730
341.090
343.470
345.810
348.130
350.410
352.810
355.130
357.430
359.750
362.070
364.470
366.830
369.170
371.610
374.050
376.430
378.870
381.230
383.650
386.010
388.270
390.570
392.930
395.310
397.670
400.010
402.410
404.750
407.130
409.510
411.910
414.250
416.650
418.990
421.350
423.730
426.110
428.450
430.790
433.190
435.530
437.890
440.190
442.530
444.890
447.250
449.630
451.970
454.350
456.690
459.070
461.470
463.850
466.210
468.530
470.870
473.150
475.430
477.770
480.030
482.410
484.710
487.030
489.330
491.690
493.990
496.310
498.570
500.890
503.190
505.470
507.730
510.050
512.370
514.650
516.950
519.270
521.650
524.010
526.370
528.690
530.970
533.330
535.670
537.990
540.310
542.570
544.830
547.030
549.390
551.690
554.010
556.290
558.570
560.850
563.110
565.350
567.510
569.730
