456.013
458.413
460.853
463.293
465.733
468.153
470.553
472.993
475.393
477.693
480.113
482.573
485.013
487.433
489.913
492.413
494.993
497.433
499.933
502.392
504.933
507.413
509.873
512.393
514.973
517.473
519.993
522.573
525.213
527.773
530.180
532.473
535.037
537.739
540.278
542.808
545.348
547.908
550.448
552.988
555.488
557.988
560.488
562.922
565.408
567.763
570.188
572.628
575.108
577.488
579.902
582.229
584.522
587.128
589.628
592.128
594.531
597.143
599.380
601.833
604.293
606.713
609.233
611.753
614.213
616.593
619.073
621.473
623.913
626.333
628.773
631.313
633.771
636.253
638.669
641.133
643.513
645.913
648.273
650.693
653.073
655.433
657.813
660.233
662.613
665.033
667.453
669.853
672.233
674.593
676.953
679.393
681.813
684.213
686.653
689.093
691.533
693.933
696.213
698.653
701.053
703.473
705.833
708.273
710.613
712.973
715.313
717.706
719.967
722.493
724.973
727.453
729.873
732.294
