16.610
19.230
22.030
24.750
27.450
30.110
32.810
35.470
38.230
41.050
43.770
46.410
49.110
51.830
54.490
57.130
59.870
62.450
65.110
67.770
70.430
73.090
75.710
78.370
80.970
83.690
86.370
89.070
91.790
94.450
97.170
99.890
102.530
105.350
108.090
110.890
113.710
116.510
119.290
122.030
124.810
127.550
130.290
132.970
135.710
138.410
141.130
143.770
146.490
149.150
151.810
154.470
157.070
159.710
162.330
165.110
167.790
170.510
173.170
175.890
178.630
181.390
184.110
186.850
189.550
192.250
194.910
197.610
200.350
203.090
205.810
208.490
211.190
213.930
216.590
219.270
221.890
224.570
227.250
229.890
232.490
235.150
237.770
240.342
242.889
245.590
248.170
250.790
253.530
256.270
258.930
261.570
264.250
266.890
269.570
272.290
275.090
277.770
280.450
283.170
285.830
288.490
291.130
293.790
296.410
299.070
301.630
304.250
306.910
309.570
312.230
314.890
317.530
320.190
322.870
325.570
328.310
331.050
333.790
336.510
339.232
341.942
344.587
347.624
350.430
352.990
355.570
358.170
360.830
363.430
366.050
368.690
371.310
373.990
376.670
379.330
382.010
384.670
387.310
389.930
392.690
395.410
398.110
400.810
403.610
406.250
408.870
411.650
414.410
417.130
419.830
422.510
425.170
427.830
430.430
432.990
435.590
438.270
440.930
443.470
445.950
