2.410
4.470
6.450
8.450
10.390
12.370
14.350
16.310
18.270
20.250
22.250
24.290
26.330
28.390
30.410
32.450
34.410
36.430
38.450
40.510
42.510
44.550
46.510
48.510
50.470
52.530
54.550
56.570
58.610
60.670
62.690
64.690
66.690
68.690
70.710
72.770
74.810
76.850
78.970
81.050
83.090
85.070
87.110
89.190
91.230
93.310
95.390
97.490
99.610
101.710
103.770
105.870
107.950
110.050
112.170
114.230
116.370
118.430
120.490
122.630
124.730
126.870
128.990
131.110
133.230
135.310
137.390
139.470
141.550
143.590
145.670
147.750
149.830
151.910
153.970
156.070
158.130
160.270
162.390
164.410
166.510
168.590
170.650
172.850
175.090
177.150
179.270
181.350
183.450
185.570
187.670
189.770
191.830
193.830
195.890
197.930
199.990
202.050
204.070
206.150
208.190
210.250
212.290
214.370
216.450
218.510
220.590
222.710
224.790
226.890
228.930
230.990
233.050
235.130
237.210
239.290
241.390
243.450
245.470
247.450
249.510
251.590
253.770
255.690
257.710
259.770
261.890
263.870
265.910
267.810
269.970
272.050
274.090
276.230
278.290
280.370
282.510
284.570
286.530
288.650
290.750
292.890
294.930
297.050
299.110
301.150
303.190
305.310
307.310
309.350
311.410
313.510
315.510
317.630
319.750
321.830
323.910
326.010
328.150
330.290
332.430
334.570
336.730
338.850
341.070
343.250
345.370
347.490
349.390
351.230
353.150
354.990
