2.116
12.131
21.714
31.173
40.645
50.400
59.829
69.029
78.180
87.445
96.682
105.982
115.233
124.433
133.400
142.555
151.612
160.702
169.790
178.893
187.800
196.748
205.668
214.593
223.550
232.588
241.409
250.439
259.303
268.190
277.238
286.218
295.308
304.456
313.365
322.334
331.392
340.300
349.060
357.863
366.492
375.156
383.896
392.713
401.665
410.395
419.396
428.199
437.113
445.965
454.798
463.708
472.535
481.402
490.237
499.139
507.992
516.966
526.034
534.909
543.858
552.763
561.755
570.759
579.608
588.466
597.142
605.800
614.632
623.311
632.160
640.778
649.627
658.570
667.614
676.507
685.498
694.486
703.382
712.463
721.396
730.282
739.196
747.909
757.017
765.936
774.766
783.595
792.442
801.149
809.921
818.579
827.388
836.049
844.850
853.539
862.238
870.972
879.772
888.503
897.324
906.054
914.840
923.495
932.139
940.775
949.519
958.279
967.216
976.016
984.883
993.620
1002.408
1011.302
1020.221
1029.202
1037.865
1046.668
1055.520
1064.249
1072.901
1081.606
1090.307
1099.300
1108.079
1116.822
1125.703
1134.840
1143.758
1152.621
1161.468
1170.277
1178.987
1187.819
1196.566
1205.159
1213.916
1222.783
1231.560
1240.375
1249.309
1257.953
1266.559
1275.398
1284.357
1293.264
1302.105
1311.018
1319.884
1328.818
1337.759
1346.557
1355.346
1364.085
1372.970
1381.804
1390.769
1399.722
1408.557
1417.453
1426.303
1435.034
1443.720
1452.521
1461.191
1469.980
1478.603
1487.474
1496.230
1505.045
1514.017
1523.000
1531.966
1540.946
1549.926
1558.905
1567.736
1576.631
1585.634
1594.340
1603.021
1611.782
1620.640
1629.417
1638.011
1646.614
1655.184
1663.953
1672.584
1681.208
1690.026
1698.865
1707.803
1716.801
1725.576
1734.309
1742.922
1751.731
1760.385
1768.812
1777.449
1786.114
1794.802
1803.404
1812.098
1820.774
1829.448
1838.048
1846.932
1855.506
1864.040
1872.637
1881.073
1889.579
1898.203
1906.861
1915.510
1924.381
1933.259
1942.033
1950.604
1959.465
1968.253
1976.910
1985.763
1994.622
2003.482
2012.322
2020.931
2029.522
2038.171
