66.455
69.648
72.757
75.614
78.450
81.410
84.270
87.190
90.050
92.990
95.830
98.670
101.510
104.370
107.190
109.970
112.770
115.570
118.510
121.370
124.250
127.090
129.930
132.750
135.610
138.490
141.430
144.310
147.110
149.970
152.650
155.430
158.290
161.070
163.830
166.570
169.290
171.910
174.530
177.090
179.989
182.793
185.551
188.270
190.979
193.525
196.106
198.844
201.599
204.216
206.830
209.610
212.430
215.230
218.070
220.870
223.630
226.410
229.250
232.070
234.870
237.590
240.270
242.970
245.690
248.450
251.130
253.910
256.710
259.490
262.190
264.950
267.810
270.610
273.350
276.110
278.750
281.550
284.310
286.910
289.630
292.390
295.090
297.750
300.290
302.830
305.640
308.450
311.109
313.829
316.570
319.190
321.990
324.710
327.410
330.090
332.830
335.410
338.150
340.890
343.610
346.370
349.110
351.790
354.510
357.230
359.990
362.670
365.510
368.290
371.010
373.750
376.550
379.290
381.950
384.610
387.210
389.770
392.290
394.950
397.710
400.430
402.970
405.750
408.510
411.170
413.810
416.550
419.270
421.950
424.690
427.410
430.070
432.730
435.450
438.210
440.870
443.681
446.577
449.033
451.570
454.390
457.070
459.810
462.490
465.250
467.970
470.690
473.450
476.170
478.890
481.610
484.190
486.850
489.570
492.190
494.910
497.430
500.090
502.830
505.550
508.290
511.010
513.670
516.230
