18.889
21.025
23.670
26.197
28.610
30.990
33.450
35.930
38.370
40.830
43.330
45.870
48.410
50.930
53.350
55.830
58.250
60.830
63.370
65.870
68.290
70.768
73.218
75.969
78.437
81.031
83.493
86.407
89.019
91.585
94.011
96.531
98.829
100.879
103.410
106.086
108.593
111.043
113.516
115.884
118.346
120.679
123.350
125.890
128.450
130.990
133.550
136.110
138.690
141.150
143.550
146.070
148.670
151.090
153.570
156.110
158.570
161.050
163.590
166.110
168.610
171.150
173.630
176.050
178.485
181.063
183.443
186.026
188.505
191.071
193.486
195.709
198.410
200.930
203.490
206.070
208.710
211.710
214.350
216.930
219.390
221.570
224.110
226.670
229.270
231.810
234.350
236.750
239.257
241.290
243.790
246.270
248.790
251.210
253.670
256.046
258.693
261.183
263.639
266.054
268.695
271.191
273.722
276.149
278.950
281.150
283.690
286.050
288.450
290.790
293.090
295.371
297.885
300.106
302.370
304.950
307.410
309.910
312.270
314.750
317.190
319.670
322.130
324.590
327.010
329.530
332.010
334.510
336.990
339.490
341.850
344.330
346.810
349.250
351.690
354.110
356.490
358.890
361.290
363.770
366.270
368.730
371.130
373.570
375.970
378.350
380.900
383.175
385.555
388.017
390.610
393.090
395.590
398.071
400.491
402.987
405.526
408.000
410.530
412.987
415.461
417.967
420.511
422.806
425.102
