533.500
535.873
538.588
541.447
544.233
546.836
549.452
551.994
554.793
557.415
560.020
562.689
565.367
567.993
570.653
573.290
575.908
578.658
581.348
584.027
586.722
589.380
591.979
594.576
597.107
599.754
602.373
605.062
607.737
610.379
613.012
615.644
618.307
620.874
623.449
626.063
628.707
631.350
633.895
636.511
639.042
641.685
644.334
647.024
649.668
652.131
654.654
657.205
659.799
662.461
665.043
667.620
670.272
672.878
675.589
678.276
680.890
683.645
686.266
688.907
691.602
694.265
696.944
699.599
702.269
704.965
707.630
710.234
712.834
715.472
718.080
720.691
723.299
725.923
728.479
731.022
733.545
736.055
738.680
741.293
743.786
746.449
748.995
751.550
754.199
756.782
759.273
761.859
764.369
766.980
769.511
772.152
774.683
777.313
779.886
782.393
784.967
787.570
790.093
792.699
795.312
797.873
800.359
802.943
805.513
808.106
810.769
813.415
815.990
818.539
821.092
823.583
826.062
828.593
831.088
833.574
836.059
838.581
841.059
843.590
846.127
848.665
851.180
853.667
856.117
858.594
861.084
863.515
866.000
868.567
871.049
873.450
875.874
878.425
880.885
883.512
886.104
888.674
891.197
893.673
896.153
898.827
901.416
904.059
906.656
909.300
911.864
914.199
916.434
