314.141
346.186
377.789
409.777
442.305
474.945
507.369
540.039
572.584
604.833
636.743
668.490
700.047
732.098
763.621
795.502
827.259
858.861
890.667
922.363
953.945
984.814
1016.123
1047.255
1078.110
1121.365
1152.040
1183.004
1214.125
1245.084
1276.300
1307.192
1337.782
1368.259
1398.835
1429.214
1460.331
1490.967
1521.506
1551.729
1582.267
1613.149
1637.429
1660.496
1682.669
1703.835
1724.449
1774.869
1796.142
1816.953
1837.575
1858.120
1879.205
1900.100
1920.795
1925.950
1930.843
1935.573
1940.294
1945.192
1950.004
1954.846
1959.578
1964.518
1969.553
1974.598
1979.522
1984.260
1988.933
1993.588
1998.190
2002.863
2007.787
2012.820
2017.857
2022.926
2027.851
2032.760
2037.714
2042.741
2047.763
2052.865
2057.714
2062.585
2067.325
2072.322
2077.218
2082.110
2087.096
2092.121
2097.043
2101.831
2106.567
2111.352
2116.112
2120.902
2125.573
2130.233
2134.963
2139.680
2144.331
2149.000
2153.651
2158.539
2163.310
2168.196
2173.020
2177.739
2181.984
2185.976
2190.143
2194.422
2198.633
2202.786
2206.931
2210.991
2215.033
2218.939
2222.931
2226.824
2230.729
2234.627
2238.481
2242.314
2246.239
2250.210
2254.108
2258.101
2262.104
2266.077
2270.006
2273.853
2277.757
2281.584
2285.420
2289.361
2293.229
2297.090
2300.820
2304.696
2308.530
2312.669
2316.721
2320.857
2324.916
2328.892
2330.338
2333.878
2337.433
2340.867
2344.331
2347.805
2351.251
2354.728
2358.171
2361.634
2365.122
2368.674
2372.176
2375.649
2379.039
2382.494
2385.924
2389.435
2392.969
2396.484
2399.957
2403.455
2406.906
2410.427
2413.850
2417.410
2420.986
2424.539
2428.112
2431.724
2435.323
2438.861
2442.360
2445.835
2449.304
2452.722
2456.194
2459.627
2463.061
2466.517
2469.939
2473.324
2476.812
2480.356
2483.866
2487.363
2490.900
2494.392
2497.898
2501.497
