2304.317
2307.301
2310.313
2312.910
2315.461
2318.155
2320.819
2323.651
2326.276
2329.042
2331.597
2334.174
2337.032
2339.753
2342.470
2344.661
2347.588
2350.327
2352.983
2355.682
2358.219
2360.982
2363.675
2366.390
2368.983
2371.589
2374.258
2377.031
2379.794
2382.619
2385.328
2388.009
2390.838
2393.624
2396.381
2398.970
2401.593
2404.338
2407.168
2409.935
2412.601
2415.248
2417.994
2420.792
2423.610
2426.334
2428.885
2431.672
2434.477
2437.356
2440.023
2442.836
2445.667
2448.414
2451.017
2453.688
2456.216
2459.116
2461.709
2464.573
2467.238
2469.829
2472.572
2475.290
2478.000
2480.597
2483.273
2486.127
2488.871
2491.653
2494.342
2497.081
2499.845
2502.667
2505.435
2508.169
2511.015
2513.816
2516.454
2519.148
2521.744
2524.325
2526.876
2529.723
2532.418
2535.313
2537.957
2540.706
2543.345
2546.180
2548.840
2551.467
2554.062
2556.812
2559.534
2562.321
2564.994
2567.732
2570.467
2573.096
2575.658
2578.229
2580.759
2583.284
2585.804
2588.270
2590.857
2593.386
2596.084
2598.759
2601.476
2604.130
2606.841
2609.464
2612.024
2614.670
2617.230
2619.850
2622.390
2624.850
2627.650
2630.230
2632.790
2635.330
2637.790
2640.310
2642.770
2645.250
2647.710
2650.130
2652.570
2654.996
2657.420
2659.861
2662.286
2664.678
2667.094
2669.535
2671.910
2674.286
2676.686
2679.330
2682.050
2684.690
2687.250
2689.830
2692.410
2694.990
2697.510
2699.990
2702.410
2704.890
2707.290
2709.670
2712.050
2714.390
2716.710
2719.050
2721.410
2723.770
2726.171
2728.547
2731.061
2733.698
2736.359
2738.979
2741.557
2744.320
2747.014
2749.614
2752.099
2754.769
2757.416
2760.063
2762.770
2765.510
2768.270
2770.950
2773.650
2776.290
2778.890
2781.590
2784.316
2787.080
2789.796
2792.424
2795.135
2797.878
2800.490
2803.118
2805.796
2808.390
2811.010
2813.650
2816.230
2818.830
2821.530
2824.090
2826.678
2829.322
2831.961
2834.482
2837.037
2839.559
2841.951
2844.706
2847.233
2849.869
2852.369
2854.857
2857.432
2860.000
2862.593
2865.101
2867.577
2870.025
2872.378
2874.816
2877.382
2879.855
2882.384
2884.645
2887.217
2889.981
2892.596
2894.947
2897.481
2899.698
2901.918
2904.308
2906.683
2909.008
2911.389
2913.731
2916.218
2918.338
2920.989
2923.716
2926.426
2929.060
2931.723
2934.449
2937.102
2939.767
2942.436
2945.134
2947.848
2950.511
2953.135
2955.757
2958.453
2961.056
2963.654
2966.247
2968.857
2971.466
2974.040
2976.624
2979.143
2981.684
2984.239
2986.780
2989.299
2991.838
2994.346
2996.835
2999.386
3001.892
3004.399
3006.924
3009.371
3011.824
3014.138
3016.348
3018.712
3021.145
3023.715
3025.969
3028.428
3030.792
3033.712
3036.056
3038.490
3040.929
3043.288
3045.789
3048.136
3050.524
3052.957
3055.336
3057.699
3060.049
3062.490
3064.817
3067.092
3069.468
3072.180
3074.531
3077.061
3079.793
3082.366
3085.141
3087.754
3090.352
3092.835
3095.255
3097.780
3100.088
3102.518
3105.049
3107.532
3109.981
3112.477
3115.016
3117.489
3120.179
3122.782
3125.238
3127.743
3130.491
3132.755
3135.164
3137.819
3140.320
3142.792
3145.306
3147.690
3150.031
3152.661
3155.306
3158.369
3161.094
3163.819
3166.379
3168.994
3171.587
3174.158
3176.888
3179.584
3182.208
3184.957
3187.556
3190.286
3192.884
3195.551
3198.169
3200.831
3203.476
3206.165
3208.780
3211.390
3214.065
3216.738
3219.386
3222.107
3224.727
3227.326
3229.987
3232.617
3235.273
3237.880
3240.640
3243.299
3246.012
3248.530
3251.107
3253.733
3256.495
3259.454
3262.178
3264.777
3267.474
3270.193
3272.792
3275.398
3277.927
3280.278
3282.922
3285.159
3288.211
3290.853
3293.507
3296.194
3298.787
3301.372
3303.998
3306.608
3309.135
3311.705
3314.223
3316.800
3319.363
3321.830
3324.340
3326.727
3329.184
3331.590
3334.107
3336.566
3338.955
3341.473
3343.856
3346.329
3348.884
3351.326
3353.865
3356.273
3358.778
3361.237
3363.735
3366.184
3368.609
3371.073
3373.533
3375.972
3378.412
3380.871
3383.275
3386.035
3388.464
3391.115
3393.577
3396.123
3398.779
3401.502
3404.351
3407.085
3409.483
3412.034
3414.576
3417.108
3419.670
3422.183
3424.772
3427.387
3429.990
3432.552
3435.067
3437.637
3440.225
3442.747
3445.284
3448.122
3450.690
3453.492
3456.551
3459.390
3462.374
3465.127
3467.885
3470.678
3473.567
3476.424
3479.355
3482.237
3485.632
3488.833
3492.220
3495.764
3499.478
3502.906
3506.051
3509.220
3512.246
3514.883
3517.468
3520.354
3523.017
3525.635
3528.140
3531.262
3534.449
3537.785
3540.739
3543.551
3546.240
3549.159
3551.954
3555.118
3558.008
3560.908
3563.828
3566.364
3568.922
3571.490
3573.994
3576.407
3578.874
3581.371
3583.959
3587.063
3590.403
3593.183
3596.042
3598.613
3601.200
3603.735
3606.216
3608.706
3611.231
3613.723
3616.276
3618.849
3621.351
3623.844
3626.322
3628.771
3631.249
3633.470
3636.071
3638.695
3641.230
3643.699
3646.207
3648.698
3651.131
3653.622
3656.095
3658.510
3660.922
3663.332
3665.698
3668.086
3670.351
3672.840
3675.492
3677.878
3680.411
3682.695
3685.206
3687.578
3689.983
3692.368
3694.774
3697.092
3699.461
3701.769
3704.140
3706.418
3708.588
3710.932
3713.242
3715.706
3718.324
3720.921
3723.355
3725.739
3728.166
3730.521
3732.812
3735.235
3737.551
3739.837
3742.563
3745.178
3747.747
3750.309
3752.930
3755.478
3757.959
3760.449
3763.203
3765.601
3768.120
3770.543
3772.871
3775.490
3777.845
3780.191
