100.418
119.053
137.665
156.359
175.122
193.694
212.567
231.327
249.988
268.371
286.995
305.339
323.512
341.694
360.090
378.555
397.204
415.751
434.376
453.029
471.376
489.306
507.380
525.445
543.216
560.927
578.820
596.633
614.433
631.984
650.461
656.082
661.796
667.424
673.065
678.702
684.298
689.910
695.465
701.065
706.694
712.302
717.849
723.455
729.057
734.706
740.224
745.883
751.282
756.788
762.298
767.784
773.306
778.784
784.176
789.502
794.904
800.163
805.543
810.963
816.367
821.714
827.049
832.339
837.727
