743.457
755.647
767.431
778.958
790.425
802.008
813.212
824.587
835.959
847.356
858.956
870.759
882.784
894.776
906.645
918.397
929.837
941.061
952.660
963.966
975.520
987.088
998.601
1010.326
1022.384
1034.185
1046.256
1058.269
1070.370
1081.925
1093.624
1104.997
1116.743
1128.585
1140.300
1151.945
1163.660
1175.075
1186.774
1198.433
1210.090
1221.848
1233.441
1244.853
1256.423
1267.716
1279.228
1290.802
1302.349
1314.046
1325.341
1336.867
1348.094
1359.489
1370.813
1382.011
1393.624
1405.144
1416.631
1428.252
1439.761
1451.247
1462.617
1473.988
1485.129
1496.004
1507.234
1518.378
1529.655
1541.009
1552.265
1563.717
1575.066
1586.375
1597.422
1608.261
1619.110
1629.739
1640.351
1650.798
1661.557
1672.081
1683.667
1694.856
1706.057
1717.317
1728.124
1738.621
1748.900
1759.397
1769.744
1779.296
1788.487
1797.179
1806.071
1814.819
1824.694
1834.246
1843.690
1852.860
1861.903
1870.751
1879.878
1889.012
1898.310
1907.606
1916.954
1925.952
1934.826
1943.697
1953.019
1961.790
1970.837
1979.483
1988.377
1996.780
2005.415
2013.733
2022.296
2030.724
2039.217
2047.596
2055.988
2064.350
2072.876
2081.427
2089.877
2098.138
2106.294
2114.583
2122.891
2131.085
2139.168
2147.442
2155.376
2163.133
2170.947
2178.894
2186.858
2195.017
2203.103
2211.265
2219.283
2227.409
2235.461
2246.212
2257.189
2268.096
2279.172
2290.352
2301.538
2312.711
2324.059
2335.405
2346.367
2357.683
2368.882
2379.343
