19.301
20.983
22.655
24.270
25.916
27.587
29.290
30.948
32.563
34.223
35.902
37.573
39.156
40.825
42.540
44.200
45.777
47.375
48.896
50.506
52.110
53.759
55.330
56.962
58.554
60.245
61.966
63.642
65.329
66.911
68.474
70.121
71.756
73.418
74.996
76.565
78.139
79.786
81.386
83.032
84.628
86.429
87.951
89.544
91.351
92.947
94.532
96.144
97.838
99.497
101.104
102.685
104.237
105.826
107.413
108.969
110.459
112.077
113.760
115.434
117.079
118.679
120.233
121.931
123.617
125.291
126.934
128.533
130.135
131.764
133.368
134.936
136.570
138.208
139.831
141.446
143.110
144.778
146.327
147.937
149.491
151.182
152.882
154.444
156.077
157.715
159.295
160.876
162.507
164.128
165.742
167.348
168.976
170.477
172.013
173.603
175.106
176.672
178.260
179.833
181.452
183.035
184.549
186.159
187.735
189.362
190.997
192.517
194.106
195.767
197.377
198.954
200.553
202.170
203.782
205.326
206.923
208.502
210.043
211.560
213.087
214.728
216.365
218.000
219.579
221.199
222.740
224.302
225.839
227.392
228.953
230.432
231.963
233.515
235.059
236.584
238.098
239.611
241.099
242.598
244.209
245.765
247.226
248.759
250.253
251.711
253.286
254.891
256.604
258.228
259.991
261.602
263.216
264.691
266.186
