70.127
101.355
132.319
163.252
194.448
225.324
256.000
286.797
317.702
347.745
377.716
386.171
391.460
396.772
401.992
407.272
412.520
417.792
423.046
428.222
433.398
438.503
443.656
448.744
453.878
458.966
464.027
469.005
473.981
478.996
484.043
489.096
494.118
509.250
513.176
517.245
521.350
525.258
529.275
533.344
537.365
541.358
545.315
549.224
553.152
556.968
560.948
564.831
568.770
572.700
576.724
580.744
584.745
588.771
592.631
596.583
600.428
604.386
608.262
612.174
616.111
620.063
624.010
