938.119
947.384
956.538
965.546
974.039
982.890
991.519
1000.123
1008.925
1017.384
1026.038
1034.768
1043.292
1052.089
1060.811
1069.321
1078.006
1086.474
1094.997
1103.445
1111.987
1120.200
1128.698
1137.091
1145.260
1153.415
1161.834
1170.196
1178.611
1186.853
1195.158
1203.550
1211.948
1220.275
1228.892
1237.410
1246.120
1254.850
1263.586
1272.091
1280.572
1288.953
1297.283
1305.695
1314.200
1322.742
1331.334
1339.868
1348.246
1356.588
1364.959
1373.420
1381.863
1390.126
1398.611
1406.952
1415.563
1423.686
1432.260
1440.835
1449.127
1457.401
1465.667
1473.595
1481.639
1489.768
1497.578
1505.642
1513.615
1521.296
1529.234
1537.362
1545.381
1553.607
1561.820
1569.989
1578.461
1586.810
1595.000
1603.221
1611.639
1620.115
1628.661
1636.630
1644.462
1652.251
1660.052
1667.748
1675.576
1683.203
1690.860
1698.749
1706.477
1714.441
1722.401
1730.514
1738.261
1746.112
1753.933
1761.531
1769.053
1776.861
1784.799
1792.794
1800.586
1808.252
1815.862
1823.324
1831.293
1839.165
1847.014
1854.628
1862.289
1869.826
1877.312
1884.834
1892.414
1900.149
1907.699
1915.304
1923.067
1930.808
1938.551
1946.184
1953.910
1961.574
1969.149
1976.753
1984.262
1991.713
1999.534
2007.192
2014.774
2022.699
2030.423
2038.120
2045.773
2053.369
2060.988
2068.162
2075.080
2082.089
2089.577
2097.240
2104.759
2112.152
2119.289
2126.303
2133.483
2140.725
2147.927
2155.213
2162.706
2169.937
2177.281
2184.169
2191.329
2198.457
2205.524
2212.814
2220.055
2227.356
2234.555
2241.616
2248.658
2255.528
2262.856
2270.164
2277.534
2284.613
2291.584
2298.498
2305.443
2312.875
2320.251
2327.455
2334.526
2341.566
2348.403
2355.273
2362.142
2368.802
2375.502
2382.269
2389.227
2396.019
2402.887
2409.563
2416.408
2423.809
2430.847
2437.648
2444.441
2451.207
2458.262
2465.065
2471.945
2478.826
2486.289
2493.697
2500.964
2507.940
2515.126
2522.282
2529.488
2536.845
2544.114
2551.357
2558.662
2565.795
2573.080
2580.332
2587.350
2594.498
2601.572
2608.431
2615.334
2622.332
2629.192
2635.878
2642.335
2648.903
2655.600
2662.221
2668.960
2675.854
2682.758
2689.669
2696.586
2703.537
2710.481
2718.115
2725.890
2733.196
