262.591
327.402
390.915
453.941
517.109
580.362
643.484
706.380
783.082
833.909
884.768
933.300
981.342
1027.663
1075.188
1121.374
1168.860
1173.840
1179.552
1185.420
1191.248
1197.136
1203.097
1208.955
1214.933
1220.855
1226.692
1232.520
1238.265
1244.047
1249.800
1255.650
1261.462
1267.252
1272.923
1278.823
1284.601
1290.577
1296.360
1302.272
1308.105
1313.984
1319.879
1325.808
1331.512
1337.415
1343.182
1349.047
1354.530
1360.312
1366.202
1371.694
1377.337
1382.924
1388.616
1394.434
1400.099
1405.760
1411.642
1417.447
1422.987
1428.262
1433.762
1438.981
1444.021
1449.151
1454.363
1459.408
1465.090
1471.200
1477.290
1481.291
1486.100
1490.741
1495.503
1500.247
1504.989
1509.770
1514.490
1519.155
1523.659
1528.355
1533.072
1537.400
1542.113
1546.571
1551.078
1555.643
1560.148
1564.583
1569.186
1573.855
1578.464
1583.025
1587.735
1592.557
1597.530
1602.112
1606.802
1610.965
1615.192
1619.655
1624.027
1628.529
1632.787
1637.193
1641.738
1646.341
1651.125
1652.445
1655.370
1658.328
1661.252
1664.186
1667.205
1670.205
1673.148
1676.145
1679.100
1682.017
1685.126
1687.886
1690.861
1693.646
1696.511
1699.458
1702.417
1705.331
1708.252
1711.102
1714.005
1716.996
1719.789
1722.623
1725.383
1728.210
1730.912
1733.750
1736.490
1739.321
1742.231
1745.100
1747.889
1750.642
1753.474
1756.346
1759.113
1761.835
1764.465
1767.146
1769.929
1772.799
1775.531
1778.227
1780.920
1783.631
1786.323
1789.029
1791.757
1794.476
1797.213
1799.956
1802.632
1805.327
1807.964
1810.667
1813.368
1816.091
1818.783
1821.471
1824.098
1826.768
1829.473
1832.175
1834.893
1837.570
1840.107
1842.660
1845.288
1847.859
