791.597
798.357
804.188
810.482
816.735
823.030
829.257
835.396
841.390
847.363
853.150
859.151
865.176
870.988
876.650
882.596
887.951
893.650
899.265
904.882
910.510
916.230
921.950
927.559
933.143
938.808
944.604
950.057
955.804
961.550
966.972
972.661
978.431
984.213
990.006
995.799
1001.651
1007.491
1013.145
1018.938
1024.685
1030.130
1035.517
1040.846
1045.966
1051.400
1056.798
1062.290
1067.816
1073.505
1079.101
1084.743
1090.316
1096.024
1101.761
1107.413
1113.073
1118.725
1124.306
1130.046
1135.689
1141.339
1147.098
1152.772
1158.298
1163.859
1169.440
1175.100
1180.906
1186.478
1192.076
1197.621
1203.289
1208.943
1214.789
1220.466
1226.099
1231.702
1237.127
1242.979
1248.735
1254.468
1260.253
1266.082
1271.795
1277.680
1283.544
1288.702
1294.224
1299.894
1305.641
1311.401
1316.960
1322.511
1328.057
1333.510
1338.580
1344.057
1349.465
1354.779
1360.061
1365.381
1370.592
1375.910
1381.069
1386.499
1392.116
1397.735
1403.210
1408.694
1414.180
1419.673
1424.893
1430.187
1435.576
