519.408
528.736
538.294
547.849
557.453
567.236
577.039
586.887
596.854
606.737
616.525
626.341
636.130
645.971
655.824
665.714
675.683
685.807
695.638
705.395
715.109
724.674
734.331
744.194
754.016
763.696
773.329
783.105
793.028
802.919
812.727
822.642
832.255
841.924
851.673
861.437
871.187
881.022
890.758
900.473
910.475
920.256
929.863
939.576
949.120
958.845
968.580
978.524
988.204
997.933
1007.812
1017.249
1026.783
1036.423
1046.103
1055.803
1065.587
1075.206
1084.786
1094.513
1104.190
1114.050
1123.817
1133.479
1143.266
1153.039
1162.781
1172.503
1182.273
1191.712
1201.215
1210.825
1220.496
1230.007
1239.708
1249.341
1258.905
1268.464
1277.817
1287.237
1296.895
1306.558
1316.101
1325.637
1335.293
1344.743
1354.368
1364.042
1373.655
1383.284
1393.029
1402.770
1412.003
1421.291
1430.700
1439.994
1449.503
1459.065
1468.449
1477.698
1487.154
1496.871
1506.522
1515.993
1525.606
1534.781
1544.110
1553.633
1563.114
1572.368
1583.188
1592.576
1601.895
1611.423
1620.952
1630.524
1639.739
1649.051
1658.487
1667.886
1677.343
1686.757
1696.044
1705.392
1714.686
1723.912
1733.102
1742.437
1751.627
1761.010
1768.919
1776.714
1784.927
1793.045
1801.300
1809.528
1817.687
1825.622
1833.665
1842.083
1850.340
1858.123
1865.990
1874.196
1882.207
1890.145
1898.091
1906.225
1914.421
1922.606
1929.445
1935.563
1941.943
1948.195
1954.174
1960.481
1966.695
1972.753
1978.630
1984.647
1990.479
1996.437
2002.613
2008.780
2015.010
2021.161
2027.436
2033.830
2039.969
2046.183
2052.275
2058.397
2064.390
2070.343
2076.305
2082.154
2088.179
2094.068
2099.780
2105.786
2111.737
2117.483
2123.083
2128.655
2134.132
2139.356
2144.978
2150.597
2155.865
2160.603
2165.255
2169.796
2174.218
2178.687
2183.092
2187.533
2191.943
2196.304
2200.508
2205.455
2209.094
2212.551
2216.109
2219.698
2223.279
2226.928
2230.340
2233.836
2237.402
2240.912
2244.301
2247.683
2251.351
2254.918
2258.430
2262.029
2265.580
2269.116
2272.676
2276.255
2279.835
2283.388
2286.890
2290.239
2293.621
2297.091
2300.502
2303.842
2307.331
2310.739
2314.029
2317.378
2320.745
2324.194
2327.521
2330.896
2334.168
2337.451
2340.749
2344.086
2347.341
2350.518
2353.791
2357.006
2360.286
2363.543
2366.833
2369.988
2373.265
2376.559
2379.842
2383.082
2386.330
2389.685
2392.959
2396.170
2399.416
2402.622
2405.822
2409.060
2412.264
2415.427
2418.637
2421.773
2424.900
2427.927
2431.114
2434.357
