155.716
200.743
245.763
290.865
335.534
379.522
423.237
466.816
510.416
553.608
596.763
639.580
682.273
724.645
767.339
810.192
853.072
895.657
937.755
980.347
1022.694
1063.849
1104.171
1144.171
1184.002
1186.168
1192.910
1199.424
1205.680
1211.782
1217.939
1224.243
1230.563
1236.786
1242.971
1249.173
1255.327
1261.506
1267.740
1274.069
1280.273
1286.278
1292.408
1298.344
1304.310
1310.408
1316.314
1322.298
1328.326
1334.255
1340.094
1346.061
1352.155
1358.233
1364.362
1370.426
1376.467
1382.562
1388.571
1394.582
1400.620
1406.669
1412.694
1418.592
1424.627
1430.634
1436.614
1442.595
1448.644
1454.700
1460.663
1466.659
1472.622
1478.519
1484.426
1490.312
1496.107
1502.076
1508.136
1514.183
1520.110
1526.010
1532.031
1538.049
1544.130
1550.071
1556.062
1562.151
1568.061
1573.918
1579.723
1585.296
1590.776
1596.331
1601.950
1607.694
1613.346
1618.926
1624.510
1630.243
1635.995
1641.970
1647.868
1653.632
1659.376
1665.202
1671.007
1676.713
1682.402
1688.126
1693.739
1699.463
1705.389
1711.427
1713.820
1717.069
1720.359
1723.755
1727.255
1730.731
1734.220
1737.727
1741.143
1744.555
1747.996
1751.469
1754.886
1758.400
1761.921
1765.332
1768.803
1772.319
1775.746
1779.073
1782.556
1786.009
1789.521
1792.975
1796.278
1799.697
1803.111
1806.583
1810.039
1813.460
1816.834
1820.247
1823.724
1827.283
1830.557
1833.953
1837.372
1840.803
1844.151
1847.499
1850.929
1854.334
1857.765
1861.271
1864.766
1868.353
1871.863
1875.325
1878.802
1882.175
1885.634
1889.078
1892.504
1895.982
1899.535
1903.078
1906.548
1910.068
1913.553
1916.970
1920.383
1923.913
1927.425
1930.919
1934.413
1937.856
1941.468
1944.887
1948.423
1951.817
1955.318
1958.876
1962.378
1965.825
1969.290
1972.767
1976.192
1979.693
1983.123
1986.534
1989.617
1992.522
1995.517
1998.522
2001.514
2004.486
2007.452
2010.395
2013.299
2016.229
2019.184
2022.120
2025.060
2028.025
2031.044
2033.830
2036.868
2039.850
2042.810
2045.765
2048.729
2051.654
2054.531
2057.474
2060.498
2063.418
2066.437
2069.496
2072.485
2075.446
2078.337
2081.266
2084.268
2087.195
2089.982
2092.952
2095.887
2098.765
2101.574
2104.616
2107.604
2110.612
2113.478
2116.466
2119.478
2122.522
2125.420
2128.367
2131.290
2134.295
2137.163
2140.157
2143.147
2146.114
2149.127
2152.118
2155.127
2158.122
2161.118
2164.082
2167.069
2170.049
2173.012
2175.963
2178.829
2181.692
2184.518
2187.404
2190.368
2193.220
2196.180
2199.065
2202.069
2204.861
2207.702
2210.601
2213.478
2216.388
2219.245
2222.167
2225.106
2228.008
2230.943
2233.857
2236.805
2239.710
2242.543
2245.367
2248.200
