0.950
2.470
3.930
5.430
7.010
8.550
10.110
11.690
13.210
14.770
16.310
17.890
19.430
21.010
22.570
24.150
25.690
27.250
28.870
30.450
31.970
33.530
35.130
36.690
38.290
39.830
41.450
42.990
44.550
46.114
47.650
49.250
50.830
52.410
54.010
55.550
57.110
58.690
60.310
61.890
63.450
65.010
66.570
68.110
69.730
71.390
72.990
74.590
76.210
77.830
79.430
80.990
82.610
84.250
85.890
87.510
89.150
90.770
92.410
94.010
95.610
97.210
98.850
100.430
102.010
103.590
105.170
106.790
108.450
110.050
111.690
113.270
114.850
116.510
118.130
119.730
121.350
122.970
124.590
126.190
127.850
129.370
130.970
132.570
134.190
135.830
137.430
139.030
140.650
142.210
143.790
145.430
147.050
148.650
150.250
151.910
153.550
155.170
156.830
158.510
160.190
161.850
163.510
165.170
166.790
168.470
170.130
171.790
173.470
175.150
176.830
178.470
180.110
181.770
183.390
185.030
186.610
188.250
189.850
191.490
193.110
194.710
196.290
197.870
199.510
201.130
202.730
204.310
205.930
207.530
209.090
210.730
212.290
213.890
215.510
217.090
218.690
220.290
221.890
223.430
224.990
226.590
228.170
229.850
231.470
233.150
234.830
236.490
238.090
239.730
241.410
243.070
244.690
246.370
248.010
249.670
251.330
252.990
254.650
256.290
257.890
259.550
261.190
262.750
264.250
265.730
267.250
268.790
