35.874
40.718
45.750
49.250
52.650
56.010
59.310
62.690
66.030
69.290
72.570
75.830
79.270
82.590
85.850
89.190
92.590
95.910
99.210
102.510
105.890
109.330
112.670
115.910
119.170
122.470
125.830
129.170
132.510
135.810
139.090
142.410
145.710
148.970
152.230
155.490
158.870
162.210
165.550
168.830
172.030
175.330
178.690
182.090
185.390
188.770
192.170
195.590
198.910
202.350
205.590
209.130
212.450
215.790
219.270
222.590
225.910
229.250
232.750
236.130
239.570
243.010
246.330
249.670
252.950
256.330
259.730
263.090
266.510
269.950
273.390
276.730
280.050
283.370
286.810
290.150
293.530
296.890
300.310
303.630
307.030
310.390
313.650
316.890
320.250
323.590
326.910
330.330
333.630
337.090
340.510
343.790
347.150
350.430
353.830
357.090
360.310
363.690
367.050
370.330
373.590
376.830
380.170
383.450
386.730
390.110
393.470
396.770
400.010
403.250
406.530
409.830
413.130
416.510
419.850
423.170
426.490
429.710
432.970
436.250
439.390
442.550
445.830
448.950
452.070
455.310
458.490
461.690
464.970
468.270
471.470
474.630
477.910
480.250
483.510
486.850
490.150
493.370
496.550
499.810
503.150
506.490
509.770
513.070
516.350
519.650
522.890
526.130
529.390
532.710
535.930
539.250
542.650
545.790
549.110
552.350
555.670
558.910
562.170
565.370
568.670
571.910
575.150
578.430
581.610
584.830
587.970
591.250
594.650
597.950
601.110
604.430
607.650
610.850
614.210
617.410
620.690
623.930
627.130
630.350
633.530
636.750
640.090
643.130
646.110
649.110
652.070
655.010
657.930
660.870
664.010
667.110
670.290
673.410
676.650
679.850
682.990
686.170
689.350
692.590
695.770
698.890
702.070
705.290
708.330
711.330
714.290
717.230
720.270
723.410
726.650
729.830
733.010
736.210
739.350
742.450
745.570
748.790
751.890
755.070
758.330
761.570
764.690
767.870
771.050
774.150
777.310
780.410
783.570
786.690
789.950
793.110
796.230
799.550
802.790
806.010
809.150
812.310
815.450
818.610
821.710
824.870
828.090
831.230
834.250
837.350
840.450
843.610
846.810
849.950
853.170
856.290
859.410
862.550
865.570
868.670
871.770
874.870
877.930
881.010
884.090
887.290
890.330
893.330
896.350
899.490
902.530
905.670
908.750
911.870
914.990
918.030
921.030
924.070
927.110
930.110
933.190
936.250
939.270
942.330
945.390
948.550
951.630
954.670
957.690
960.790
963.890
966.970
970.030
973.050
976.110
979.190
982.250
985.230
988.310
991.430
994.570
997.770
1000.87
1003.97
1007.07
1010.19
1013.29
1016.41
1019.55
1022.59
1025.75
1028.99
1032.05
1035.23
1038.41
1041.53
1044.59
1047.63
1050.57
1053.47
1056.33
1059.23
1062.11
1064.97
1067.91
1070.89
1073.93
1076.87
1079.84
1082.91
1085.73
1088.49
1091.51
1094.53
1097.59
1100.63
1103.77
1106.83
1109.97
1113.05
1116.07
1119.09
1122.15
1125.19
1128.19
1131.31
1134.35
1137.55
1140.65
1143.77
1146.99
1150.13
1153.23
1156.31
1159.45
1162.45
1165.55
1168.65
1171.77
1174.95
1178.09
1181.27
1184.35
1187.29
1190.13
1192.97
