18.629
24.049
29.551
35.050
40.570
45.950
51.350
56.730
62.090
67.450
72.810
78.190
83.630
89.190
94.630
100.190
105.510
111.050
116.680
122.230
127.826
133.352
138.913
144.266
149.560
155.144
160.763
166.278
171.886
177.493
183.190
188.790
194.390
199.930
205.250
210.690
216.166
221.623
227.149
232.559
237.912
243.357
248.639
254.003
259.692
265.340
270.890
276.450
282.030
287.430
292.910
298.310
303.790
309.230
314.550
319.870
325.192
330.449
335.812
341.127
346.670
351.930
357.270
362.792
368.196
373.550
378.890
384.250
389.869
395.167
400.424
405.665
410.890
416.229
421.790
427.370
432.830
438.130
443.370
448.550
453.830
459.050
464.530
469.810
475.010
480.470
485.290
490.830
496.290
501.550
506.890
512.210
517.550
522.950
528.330
533.690
538.950
544.290
549.610
554.890
560.130
565.350
570.650
575.890
581.170
586.310
591.490
596.650
602.090
607.750
613.390
618.890
624.250
629.630
634.990
640.310
645.570
650.770
655.970
661.070
666.210
671.390
676.590
681.630
686.670
691.610
696.630
701.630
706.841
712.424
718.073
723.690
729.224
734.238
739.102
