143.680
184.112
224.292
264.413
304.025
343.728
384.134
424.098
463.743
503.069
542.376
581.882
621.094
660.845
700.792
740.621
780.669
820.718
860.735
899.619
938.040
976.338
1018.391
1057.213
1095.515
1133.558
1172.138
1210.564
1248.740
1287.062
1293.546
1300.303
1307.047
1313.652
1320.290
1326.916
1333.618
1340.273
1346.899
1353.506
1360.036
1366.540
1373.002
1379.651
1386.095
1392.730
1399.171
1405.634
1412.120
1418.553
1424.980
1431.441
1437.966
1444.534
1451.079
1457.522
1464.006
1470.447
1476.866
1483.340
1489.786
1496.172
1502.589
1509.018
1515.427
1521.757
1528.343
1534.569
1540.984
1547.522
1553.903
1560.395
1566.812
1572.891
1578.569
1584.310
1589.978
1595.698
1601.414
1607.115
1612.790
1618.408
1624.088
1629.743
1635.465
1641.192
1646.820
1652.512
1658.218
1663.930
1669.619
1675.318
1680.975
1686.625
1692.224
1697.847
1703.516
1709.186
1714.743
1720.333
1725.884
1731.463
1737.063
1742.700
1748.389
1753.995
1759.605
1765.126
1770.768
1776.374
1781.944
1787.524
1793.041
1798.621
1804.080
1809.673
1815.213
1820.642
1826.068
1831.536
1837.137
1842.672
1848.247
1853.752
1859.138
1864.599
1870.142
1875.537
1880.953
1886.485
1891.850
1897.300
1902.729
1908.169
1913.583
1919.016
1924.403
1929.886
1935.301
1940.778
1946.182
1951.549
1957.008
1962.463
1967.955
1973.420
1978.942
1985.078
