140.736
148.367
156.186
163.968
171.749
179.531
187.239
194.984
202.516
210.254
217.819
225.533
233.123
240.655
248.305
256.067
263.769
271.424
279.144
286.633
293.953
301.452
309.020
316.642
324.197
331.973
339.645
347.260
354.836
362.318
369.784
377.429
385.051
392.687
400.455
408.030
415.753
423.454
431.023
438.741
446.450
454.014
461.673
469.240
476.723
484.034
491.685
499.081
506.590
514.061
521.677
529.218
536.793
544.311
551.851
559.595
567.324
574.981
582.641
590.057
597.580
604.858
611.979
618.966
626.347
633.922
641.556
649.001
655.078
660.730
666.639
672.612
678.322
684.206
689.943
695.496
700.943
706.492
711.821
716.897
722.636
728.242
733.396
738.496
743.634
749.157
754.692
760.099
764.979
769.242
773.422
777.497
781.595
785.575
789.388
793.301
797.228
801.067
804.875
808.616
812.391
816.091
819.745
823.506
827.239
830.822
834.365
838.018
