279.173
281.974
284.778
287.375
290.150
292.902
295.710
298.410
301.170
303.930
306.630
309.390
312.170
314.930
317.670
320.430
323.110
325.790
328.570
331.330
334.010
336.810
339.570
342.370
345.150
347.950
350.690
353.490
356.310
359.110
361.944
364.710
367.452
370.191
372.773
375.650
378.370
381.150
383.950
386.690
389.510
392.290
395.070
397.810
400.590
403.330
405.990
408.770
411.550
414.210
416.910
419.670
422.490
425.230
428.010
430.670
433.430
436.190
438.950
441.910
444.650
447.170
449.890
452.650
455.410
458.150
460.970
463.710
466.670
469.350
471.890
474.530
477.230
479.970
482.610
485.270
487.970
490.690
493.410
496.190
498.970
501.770
504.510
507.210
509.970
512.770
515.570
518.270
521.030
523.770
526.550
529.330
532.090
534.910
537.490
540.170
542.870
545.630
548.390
551.150
553.870
556.650
559.310
561.990
564.730
567.450
570.170
572.890
575.590
578.310
581.010
583.730
586.450
589.150
591.850
594.610
597.330
600.290
603.030
605.730
608.470
611.210
613.830
616.590
619.370
622.010
624.750
627.570
630.370
633.110
635.890
638.690
641.470
644.250
647.070
649.870
652.650
655.430
658.150
660.750
