196.505
203.590
210.736
218.030
225.255
232.408
239.629
246.657
253.936
261.343
268.705
275.929
283.304
290.688
297.857
305.279
312.613
320.015
327.425
334.778
342.018
349.383
356.754
364.251
371.720
379.185
386.426
393.735
401.067
408.297
415.588
422.972
430.248
437.946
444.459
451.840
459.227
466.660
474.131
481.390
488.601
495.984
503.194
510.563
517.880
525.132
532.399
539.513
546.757
554.077
561.508
568.781
576.097
583.426
590.512
597.589
604.947
612.267
619.714
626.910
634.120
641.065
648.266
655.363
662.535
669.675
677.076
683.976
690.962
698.180
705.544
712.919
720.077
727.190
734.293
741.514
748.974
756.326
763.710
771.028
778.286
785.400
792.874
800.103
807.282
814.478
821.628
828.897
835.814
842.873
850.245
857.585
864.871
872.219
879.633
887.089
893.489
899.556
905.683
911.764
918.091
924.404
930.746
937.024
943.287
949.583
955.864
962.049
967.338
973.610
979.627
986.096
992.479
998.754
1004.846
1011.107
1017.168
1023.332
1029.503
1035.746
1041.874
1047.957
1053.977
1060.403
1066.307
1072.637
1078.680
1084.871
1091.042
1097.073
1103.511
1110.015
1116.352
1122.670
1128.983
1135.366
1140.677
1145.855
1151.060
1156.226
1161.552
1166.823
1172.138
1177.484
1182.830
1187.857
1193.085
1198.274
1203.647
1208.735
1213.910
1219.230
1223.912
1228.655
1233.026
1237.885
1242.474
1246.888
1251.750
1256.168
1260.846
1265.502
1270.314
1275.150
1279.933
1284.479
1289.213
1294.036
1298.641
1303.163
1307.765
1312.218
1316.917
1321.606
1326.388
1331.383
1336.590
1341.809
1346.933
1352.098
1357.384
1362.622
1367.819
1373.053
1378.233
1383.507
1388.643
1393.822
1398.778
1403.900
1408.951
1413.967
1419.104
1424.173
1429.073
1434.020
1439.027
1443.882
1448.824
1453.857
1458.804
1463.602
1468.507
1473.100
1477.385
1481.682
1486.104
1490.544
1494.905
1499.245
1503.630
1507.980
1512.388
1516.771
1521.134
1525.499
1529.851
1534.259
1538.548
1542.810
1547.090
1551.149
1554.882
1558.627
1562.316
1565.990
1569.804
1573.536
1577.192
1580.873
1584.502
1588.095
1591.855
1595.537
1599.104
1602.724
1606.498
1610.215
1613.859
1617.527
1621.266
1625.306
