102.445
104.546
106.449
108.365
110.261
112.286
114.318
116.361
118.466
120.502
122.587
124.613
126.614
128.631
130.724
132.800
134.876
136.988
139.114
141.182
143.245
145.280
147.246
149.348
151.419
153.469
155.502
157.560
159.612
161.655
163.674
165.620
167.588
169.498
171.547
173.560
175.503
177.355
179.199
181.072
182.943
184.788
186.667
188.533
190.390
192.251
194.106
195.927
197.773
199.590
201.425
203.198
204.984
206.800
208.606
210.453
212.294
214.120
215.976
217.786
219.618
221.443
223.255
225.075
226.898
228.749
230.596
232.402
234.188
236.043
237.894
239.724
241.494
243.322
245.070
246.893
248.690
250.539
252.365
254.119
255.897
257.683
259.466
261.238
262.938
264.766
266.571
268.336
270.129
271.914
273.706
275.467
277.288
279.072
280.838
282.612
284.324
286.036
287.785
289.578
291.299
293.068
294.817
296.558
298.309
300.041
301.864
303.594
305.376
307.142
308.916
310.660
312.422
314.179
315.918
317.674
319.392
321.138
322.708
324.438
326.175
327.924
329.691
331.413
333.115
334.827
336.554
338.293
340.048
341.769
343.419
345.139
346.854
348.524
350.186
351.868
353.564
355.245
356.933
358.628
360.320
362.001
363.699
365.359
367.061
368.746
370.422
372.083
373.807
375.513
377.192
378.835
380.526
382.185
383.855
385.534
387.193
388.891
390.557
392.227
393.905
395.598
397.269
398.919
400.611
402.247
403.943
405.665
407.367
409.059
410.777
412.455
414.148
415.721
417.421
419.091
420.792
422.522
424.184
425.857
427.472
429.099
430.727
432.366
434.026
435.692
437.377
439.105
440.744
442.432
444.134
445.785
447.469
449.190
450.907
452.616
454.284
455.931
457.583
459.241
460.884
462.546
464.212
465.892
467.550
469.204
470.927
472.628
474.320
476.003
477.627
479.321
480.959
482.640
484.290
485.952
487.517
489.162
490.771
492.356
493.996
495.617
497.264
498.901
500.542
502.158
503.802
505.437
507.077
508.703
510.331
511.975
513.615
515.252
516.862
518.522
520.149
521.785
523.381
525.029
526.682
528.326
529.899
531.473
533.017
534.586
536.051
537.559
539.067
540.606
542.039
543.596
545.133
546.673
548.190
549.765
551.278
552.812
554.284
555.808
557.370
558.925
560.433
561.988
563.558
565.102
566.692
568.243
569.808
571.371
572.849
574.454
575.915
577.449
578.971
580.496
581.992
583.502
585.006
586.524
588.019
589.627
591.221
592.767
594.254
595.708
597.094
