1008.210
1010.910
1013.510
1016.250
1018.990
1021.710
1024.450
1027.170
1029.870
1032.510
1035.150
1037.850
1040.550
1043.290
1045.890
1048.590
1051.210
1053.830
1056.490
1059.170
1061.830
1064.450
1067.130
1069.790
1072.310
1074.950
1077.770
1080.510
1083.290
1085.870
1088.490
1091.310
1094.110
1096.850
1099.570
1102.250
1104.790
1107.510
1110.230
1112.950
1115.630
1118.350
1121.130
1123.890
1126.490
1129.290
1131.990
1134.730
1137.350
1139.950
1142.432
1145.200
1147.853
1150.351
1153.102
1155.836
1158.489
1160.955
1163.755
1166.510
1169.210
1171.890
1174.610
1177.150
1179.810
1182.410
1185.170
1187.850
1190.590
1193.250
1195.870
1198.630
1201.370
1204.090
1206.770
1209.430
1212.150
1214.710
1217.410
1220.110
1222.810
1225.410
1228.050
1230.590
1233.190
1235.608
1238.253
1240.938
1243.673
1246.334
1249.102
1251.844
1254.644
1257.338
1260.138
1262.702
1265.559
1268.228
1270.816
1273.430
1275.910
1278.470
1281.090
1283.810
1286.590
1289.310
1292.010
1294.670
1297.310
1299.930
1302.650
1305.270
1308.050
1310.775
1313.510
1315.967
1318.620
1321.030
1323.530
1326.110
1328.830
1331.510
1334.210
1336.750
1339.390
1342.010
1344.530
1347.030
1349.730
1352.408
1355.070
1357.610
1360.210
1362.890
1365.630
1368.330
1371.090
1373.790
1376.370
1379.010
1381.730
1384.490
1387.190
1389.770
1392.138
1394.800
1397.363
1399.869
1402.644
1405.230
1407.870
1410.530
1413.070
1415.590
1418.210
1420.790
1423.490
1426.290
1428.970
1431.650
1434.270
1436.830
1439.530
1442.212
1444.838
1447.415
1449.958
1452.535
1454.810
1457.170
1459.670
1462.150
1464.690
1467.350
1470.010
1472.630
1475.270
1477.890
1480.510
1483.050
1485.430
1487.950
1490.410
1492.910
1495.430
1497.930
1500.410
1502.870
1505.350
1507.890
1510.310
1512.670
1515.170
1517.590
1520.030
1522.430
1524.870
1527.270
1529.710
1532.030
1534.530
1537.050
1539.510
1541.870
1544.510
1547.230
1549.970
1552.670
1555.220
1557.933
1560.490
1563.070
1565.650
1568.190
1570.770
1573.290
1575.830
1578.370
1580.850
1583.330
1585.870
1588.410
1590.850
1593.312
1595.895
1598.476
1601.088
1603.630
1606.014
1608.527
1611.050
1613.476
1615.839
1618.279
1620.844
1623.377
1625.938
1628.374
1630.870
1633.250
1635.650
1637.930
1640.210
1642.506
1645.000
1647.328
1649.770
1652.087
1654.466
1656.818
1659.165
1661.459
1663.806
1666.066
1668.371
1670.679
1673.011
1675.317
1677.612
1679.852
1682.134
1684.444
1686.774
1689.073
1691.379
1693.886
1696.265
1698.726
1701.068
1703.395
1705.745
1708.141
1710.433
1712.816
1715.087
1715.090
1717.410
1719.770
1722.190
1724.470
1726.810
1729.130
1731.390
1733.670
1735.950
1738.190
1740.590
1742.907
1744.985
1747.287
1749.536
1751.933
1754.179
1756.411
1758.692
1761.000
1763.210
1765.457
1767.764
1769.959
1772.243
1774.471
1776.694
1778.948
1781.177
1783.400
1785.598
1787.828
1790.080
1792.336
1794.570
1796.801
1799.020
1801.254
1803.506
1805.706
1808.066
1810.282
1812.625
1814.861
1817.164
1819.466
1821.753
1824.045
1826.290
1828.505
1830.721
1832.894
1835.142
1837.417
1839.598
1841.734
1843.933
1846.113
1848.320
1850.494
1852.710
1854.900
1857.031
1859.241
1861.443
1863.563
1865.766
1867.913
1870.072
1872.192
1874.281
1876.382
1878.591
1880.957
1883.357
1885.852
1888.293
1890.710
1893.170
1895.573
1897.918
1900.368
1902.753
1905.103
1907.521
1909.879
1912.212
1914.534
1916.668
1918.937
1921.237
1923.549
1925.731
1927.962
1930.047
1932.254
1934.257
1936.470
1938.587
1940.785
1942.897
1945.075
1947.196
1949.364
1951.460
1953.615
1955.715
1957.889
1960.006
1962.071
1964.210
1966.355
1968.476
1970.718
1972.980
1975.207
1977.447
1979.834
1982.158
1984.416
1986.626
1988.840
1990.938
1993.138
1995.277
1997.459
1999.677
2001.786
2003.919
2006.053
2008.180
2010.394
2012.619
2014.728
2016.871
2019.049
2021.279
2023.381
2025.536
2027.674
2029.878
2032.125
2034.476
2036.772
2038.945
2041.111
2043.226
2045.373
2047.400
2049.567
2051.560
2053.623
2055.700
2057.742
2059.736
2061.765
2063.723
2065.749
2067.814
2069.860
2071.857
2073.858
2075.831
2077.843
2079.807
2081.811
2083.792
2085.805
2087.919
2090.190
2092.356
2094.455
2096.637
2098.816
2100.877
2102.948
2105.079
2107.144
2109.256
2111.270
2113.521
2116.101
2118.743
2121.266
2123.896
2126.445
2129.097
2131.666
2134.247
2136.742
2139.158
2141.552
2144.234
2146.897
2149.517
2152.273
2155.018
2157.647
2160.318
