16.790
19.470
21.930
24.150
26.410
28.670
31.070
33.590
36.010
38.470
40.910
43.330
45.670
48.050
50.450
52.810
55.170
57.470
59.770
62.170
64.550
66.930
69.250
71.550
73.990
76.310
78.730
81.070
83.410
85.710
88.270
90.490
92.810
95.010
97.090
99.330
101.730
104.110
106.510
108.850
111.170
113.424
115.616
118.033
120.470
122.950
125.350
127.810
130.230
132.570
134.970
137.290
139.710
142.130
144.550
146.950
149.190
151.530
153.850
156.210
158.490
160.730
163.010
165.290
167.650
169.870
172.250
174.610
176.910
179.290
181.570
183.750
186.171
188.563
190.890
193.094
195.350
197.590
199.935
202.082
204.430
206.690
208.930
211.330
213.650
216.110
218.550
220.970
223.370
225.730
228.150
230.470
232.930
235.330
237.750
240.030
242.370
244.710
247.070
249.310
251.530
253.730
255.910
257.950
259.970
262.190
264.550
266.870
269.190
271.510
273.670
276.010
278.350
280.650
282.950
285.224
287.290
289.470
291.590
293.790
295.970
298.190
300.370
302.570
304.790
307.050
309.290
311.330
313.530
315.710
317.890
320.257
322.396
324.690
326.990
329.310
331.590
333.750
336.050
338.310
340.630
342.870
345.090
347.310
349.530
351.710
353.930
355.990
358.010
359.930
361.894
