89.292
132.981
178.478
224.571
271.180
318.050
364.864
411.841
458.681
506.317
553.468
600.604
648.185
695.978
743.648
790.277
837.455
884.757
932.621
979.724
1027.503
1074.841
1122.445
1170.367
1218.796
1267.282
1313.253
1359.694
1406.918
1454.947
1501.992
1545.951
1592.073
1637.094
1682.102
1720.612
1757.265
1793.539
1829.276
1864.458
1900.318
1904.385
1910.050
1915.716
1921.380
1927.004
1932.604
1938.408
1944.135
1949.902
1955.584
1961.419
1967.026
1972.548
1978.032
1983.385
1988.763
1994.133
1999.433
2005.050
2010.590
2015.991
2021.473
2027.018
2032.486
2037.975
2043.486
2048.951
2054.420
2059.894
2065.384
2070.816
2076.292
2081.700
2087.055
2092.527
2097.945
2103.259
2108.559
2113.945
2119.416
2124.765
2129.915
2135.011
2140.273
2145.363
2150.535
2155.718
2160.852
2165.998
2171.196
2176.464
2181.570
2186.760
2192.017
2197.294
2202.382
2207.653
2212.890
2218.153
2223.294
2228.457
2233.739
2238.931
2243.957
2248.960
2254.104
2258.738
2262.891
2267.458
2271.974
2276.447
2280.842
2285.343
2289.892
2294.367
2298.877
2303.457
2307.960
2312.443
2316.851
2321.216
2325.559
2329.812
2334.176
2338.437
2342.879
2347.278
2351.627
2355.984
2360.329
2364.739
2369.152
2373.674
2378.053
2382.312
2386.589
2390.834
2395.044
2399.277
2403.596
2407.931
2412.327
2416.731
2421.031
2425.386
2429.516
2433.688
2438.006
2442.541
2446.766
2451.031
2455.413
2459.624
2463.822
2468.043
2472.288
2476.439
2480.573
2484.650
2488.884
2493.106
2497.070
2501.398
2505.646
2510.012
2514.474
2518.864
2523.173
2527.457
2531.780
2536.120
2540.351
2544.518
2548.584
2552.785
2556.984
2561.179
2565.333
2569.547
2573.761
2577.869
2582.017
2586.109
2590.149
2594.243
2598.320
2602.488
2606.701
2610.809
2615.003
2619.478
2624.002
2628.289
2632.405
2636.514
2640.707
2644.886
2648.900
2652.963
2657.044
2661.046
2665.075
2669.233
2673.498
2677.757
2681.716
2685.657
2689.671
2693.803
2697.708
2701.773
2706.106
2710.304
2714.326
2718.418
2722.671
2726.833
2731.020
2735.303
2739.471
2743.445
2747.049
2750.559
2754.033
2757.649
2761.159
2764.465
2767.784
2771.363
2775.028
2778.648
2782.186
2785.751
2789.310
2792.838
2796.394
2800.037
2803.720
2807.408
2811.081
2814.702
2818.325
2821.993
2825.576
2829.243
2832.830
2836.439
2840.017
2843.602
2847.108
2850.578
2854.286
2858.053
2861.559
2865.092
2868.673
2871.935
2875.274
2878.618
2881.997
2885.256
2888.647
2892.024
2895.409
2898.794
2902.141
2905.492
2908.849
2912.078
2915.431
2918.792
2922.170
2925.500
2928.900
2932.384
2935.818
2939.333
2942.817
