2.685
6.010
9.350
12.550
15.770
18.890
22.122
25.289
28.448
31.590
34.770
38.050
41.270
44.522
47.510
50.630
53.590
56.710
59.810
62.790
65.770
68.750
71.850
74.810
77.650
80.530
83.330
86.130
88.950
91.890
94.750
97.690
100.610
103.570
106.490
109.710
112.670
115.670
118.510
121.090
123.950
126.930
129.790
132.410
135.330
138.150
140.990
143.910
146.750
149.770
152.610
155.610
158.530
161.490
164.470
167.310
170.150
173.050
175.870
178.790
181.730
184.650
187.470
190.270
193.030
195.690
198.490
201.390
204.210
207.010
209.850
212.590
215.470
218.170
220.970
223.650
226.530
229.350
232.190
234.990
237.830
240.710
243.630
246.410
249.270
252.050
254.930
257.730
260.510
263.270
265.970
268.790
271.650
274.490
277.290
280.130
282.870
285.570
288.390
291.190
293.990
296.690
299.410
302.150
304.770
307.390
310.150
312.890
315.710
318.910
321.799
324.751
327.593
330.757
333.625
336.610
339.568
