1018.628
1025.422
1032.149
1038.861
1045.677
1052.577
1059.397
1066.288
1073.249
1080.113
1087.009
1094.027
1101.124
1108.150
1115.137
1122.110
1128.922
1135.927
1143.020
1150.106
1157.192
1164.147
1171.025
1178.138
1185.080
1192.072
1198.895
1205.654
1212.317
1219.030
1225.833
1232.563
1239.488
1246.289
1253.099
1259.926
1266.731
1273.539
1280.227
1286.780
1293.224
1299.998
1306.645
1313.200
1320.024
1326.776
1333.045
1339.731
1346.261
1352.493
1359.035
1365.588
1372.205
1378.843
1385.600
1392.008
1398.653
1405.436
1412.034
1418.604
1425.114
1431.585
1438.116
1444.600
1451.192
1457.673
1464.212
1470.736
1477.226
1483.832
1490.155
1496.603
1503.069
1509.460
1515.839
1522.374
1528.869
1535.363
1541.936
1548.686
1555.261
1561.777
1568.171
1574.278
1580.865
1587.386
1593.861
1599.983
1606.801
1613.353
1619.913
1626.535
1633.095
1639.445
1645.505
1652.164
1658.679
1665.057
1671.651
1678.216
1684.738
1691.005
1697.634
1704.255
1710.652
1716.860
1723.118
1729.305
1735.390
1741.740
1748.034
1754.198
1760.461
1766.496
1772.944
1779.392
1786.073
1792.098
1798.384
1804.702
1811.261
1817.404
1823.638
1829.824
1835.437
1840.747
1847.167
1853.361
1859.388
1865.504
1871.592
1877.750
1883.576
1889.768
1896.032
1902.260
1908.563
1914.513
1920.629
1926.473
1932.260
1938.465
1945.095
1950.947
1956.601
1962.388
1968.227
1973.928
1979.442
1985.265
1990.931
1996.829
2002.594
2008.276
2013.896
2019.590
2025.343
2030.998
2036.735
2042.237
2047.800
2053.530
2059.280
2064.917
2070.664
2076.087
2082.161
2087.753
2093.002
2098.825
2104.605
2110.461
2116.511
2122.155
2127.804
2133.241
2139.257
2144.804
2150.365
2155.530
2161.443
2167.451
2173.295
2179.264
2185.204
2191.191
2197.130
2203.016
2208.694
2214.610
2220.562
2226.573
2232.625
2238.383
2244.132
2249.722
2255.366
2260.949
2266.279
2271.797
2277.378
2282.870
2289.018
2294.571
2298.661
2304.171
2309.861
2315.404
2320.718
2325.937
2331.314
2336.208
2341.644
2346.988
2352.225
2357.359
2362.205
2367.692
2373.114
2379.182
2385.107
2390.489
2395.881
2401.314
2406.667
2412.013
2417.410
2422.815
2428.152
2433.584
2438.913
2444.359
2449.672
2455.100
2460.420
2465.808
2471.167
2476.536
2481.926
2486.706
2492.221
2497.690
2503.134
2508.581
2513.877
2519.388
2524.934
2530.348
2535.704
2541.182
2546.599
2551.780
2557.434
2563.011
2568.594
2574.318
2580.001
2585.543
2591.091
2596.622
2602.028
2607.452
2612.865
2618.155
2623.445
2628.735
2634.498
2639.935
2644.963
2649.629
2654.970
2660.336
2665.893
2671.506
2677.009
2682.590
2688.191
2693.545
2699.096
2704.590
2710.006
2715.299
2720.334
2725.434
2730.483
2735.508
2740.387
2745.713
2750.775
2755.884
2760.922
2765.938
2771.069
2775.969
2781.040
2785.926
2790.797
2795.546
2800.507
2805.845
2810.665
2815.303
2820.103
2824.756
2829.119
2833.415
2837.943
2843.332
2848.695
2854.010
2859.320
2864.637
2869.910
2875.158
2880.224
2885.280
2890.318
2895.390
2900.259
2905.194
2910.009
2914.739
2919.558
2924.238
2929.241
2934.273
2939.307
2944.137
2948.985
2953.823
2958.724
2963.564
2968.316
2973.126
2977.855
2982.661
2987.575
2992.249
2997.322
3002.561
3007.657
3012.536
3017.598
3022.450
3027.386
3032.408
3037.359
3042.295
3047.167
3052.032
3056.737
3061.502
3066.510
3071.752
3076.894
3082.251
3087.632
3092.539
3097.894
3103.102
3108.343
3113.518
3118.710
3123.869
3128.931
3133.894
3139.073
3144.124
3149.177
3154.261
3159.399
3164.330
3169.369
3174.223
3179.144
3184.162
3188.945
3193.780
3198.556
3203.517
3208.380
3213.408
3218.286
3222.943
3227.820
3232.735
3237.763
3242.841
3248.000
3252.849
3257.692
3263.190
3268.641
3274.075
3279.377
3284.735
3289.956
3295.402
3300.737
3305.897
3311.318
3316.725
3322.097
3327.637
3332.992
3338.576
3344.167
3349.353
3354.732
3360.317
3365.797
3371.249
3376.791
3382.179
3387.669
3393.032
3398.345
3403.435
3408.653
3413.518
3418.651
3423.678
3429.006
3434.211
3439.355
3444.624
3450.052
3455.198
3460.208
3465.254
3470.294
3475.518
3480.970
3486.012
3491.023
3495.903
3500.870
3505.795
3510.698
3515.628
3520.865
3525.861
3530.267
3534.523
3539.172
3544.247
3548.567
3552.744
3556.986
3561.686
3566.067
3570.892
3575.045
3580.633
3586.423
3591.876
3597.145
3602.149
3606.418
