1387.550
1391.182
1394.648
1398.106
1401.630
1405.230
1408.870
1412.307
1416.110
1419.935
1423.738
1427.562
1431.542
1435.608
1439.600
1443.570
1447.650
1451.630
1455.670
1459.590
1463.670
1467.850
1472.029
1476.310
1480.510
1484.590
1488.690
1492.770
1496.770
1500.870
1505.130
1509.290
1513.450
1517.516
1521.696
1526.050
1530.390
1534.530
1538.770
1542.990
1547.444
1551.608
1556.253
1560.138
1564.391
1568.620
1572.826
1576.970
1581.150
1585.330
1589.410
1593.650
1597.934
1601.950
1606.110
1610.330
1614.830
1618.941
1623.098
1627.196
1631.317
1635.555
1639.723
1644.100
1648.748
1652.751
1657.070
1661.390
1665.650
1669.910
1674.230
1678.670
1683.102
1687.185
1691.290
1695.575
1699.771
1703.750
1707.990
1712.170
1716.636
1720.870
1725.150
1729.310
1733.410
1737.470
1741.550
1745.610
1749.930
1754.090
1758.310
1762.390
1766.150
1770.070
1774.090
1778.230
1782.290
1786.290
1790.570
1794.630
1798.650
1802.690
1806.690
1810.710
1814.790
1818.930
1823.070
1827.050
1830.890
1834.790
1838.870
1842.910
1846.910
1851.151
1855.510
1859.689
1863.830
1867.870
1871.830
1875.890
1879.950
1883.990
1887.990
1891.930
1895.930
1900.050
1904.030
1908.170
1912.130
1916.130
1920.270
1924.170
1928.050
1931.890
1935.890
1939.950
1943.910
1948.070
1952.050
1956.070
1960.070
1963.910
1967.850
1971.770
1975.790
1979.750
1983.770
1987.650
1991.590
1995.410
1999.248
2003.297
2007.288
2011.226
2015.132
2019.246
2023.159
2027.143
2030.881
2034.895
2038.619
2042.415
2046.177
2049.950
2053.670
2057.410
2061.050
2064.770
2068.530
2072.350
2076.130
2079.967
2083.844
2087.784
2091.421
2095.441
2099.083
2102.938
2106.818
2110.813
2114.316
2117.991
2121.632
2125.485
2129.208
2132.930
2136.590
2140.290
2143.910
2147.570
2151.210
2155.230
2159.130
2162.955
2166.742
2170.690
2174.430
2177.990
2181.690
2185.630
2189.410
2193.290
2197.090
2200.790
2204.150
2207.650
2211.230
2214.970
2218.710
2222.390
2226.090
2229.930
2233.630
2237.390
2240.990
2244.630
2248.290
2251.950
2255.542
2259.470
2263.350
2267.110
2270.830
2274.610
2278.350
2282.090
2285.730
2289.410
2293.070
2296.710
2300.350
2303.910
2307.570
2311.250
2314.770
2318.430
2322.130
2325.830
2329.550
2333.210
2336.970
2340.985
2344.408
2348.030
2351.690
2355.350
2358.890
2362.310
2365.730
2369.250
2372.810
2376.630
2380.330
2383.950
2387.550
2391.210
2394.750
2398.330
2401.890
2405.450
2409.110
2412.630
2416.270
2419.951
2423.428
2427.020
2430.481
2434.150
2437.779
2441.469
2445.012
2448.490
2451.830
2455.470
2459.090
2462.970
2466.570
2470.210
2473.890
2477.530
2481.190
2484.790
2488.390
2492.010
2495.650
2499.230
2502.890
2506.470
2510.030
2513.530
2517.070
2523.150
2526.790
2530.370
2533.730
2536.930
2540.090
2543.830
2547.490
2550.990
2554.430
2557.950
2561.590
2565.290
2568.950
2572.290
2575.890
2579.493
2582.970
2586.710
2590.410
2594.070
2597.710
2601.370
2605.010
2607.990
2610.950
2614.610
2618.450
2622.090
2625.770
2629.250
2632.830
2636.430
2640.030
2643.550
2647.210
2650.790
2654.350
2657.950
2661.410
2664.890
2668.228
2671.653
2675.030
2678.450
2682.050
2685.630
2689.090
2692.829
2696.417
2700.016
2703.690
2707.250
2710.830
2714.370
2717.990
2721.490
2724.870
2728.110
2731.490
2734.930
2738.410
2741.850
2745.310
2748.590
2752.050
2755.510
2759.030
2762.490
2765.870
2769.290
2772.690
2775.970
2779.370
2782.730
2786.197
2789.482
2793.035
2796.715
2799.730
2803.390
2806.910
2810.630
2814.010
2817.470
2821.010
2824.550
2828.050
2831.510
2834.830
2838.270
2841.870
2845.310
2848.690
2852.150
2855.570
2859.010
2862.410
2865.810
2869.170
2872.510
2875.890
2879.150
2882.558
2886.000
2889.428
2892.730
2896.190
2899.670
2903.050
2906.490
2909.850
2913.230
2916.530
2919.790
2923.230
2926.770
2930.250
2933.670
2937.170
2940.650
2944.030
2947.370
2950.770
2954.130
2957.490
2960.790
2964.230
2967.670
2971.090
2974.490
2978.010
2981.490
2984.930
2988.410
2991.830
2995.270
2998.670
3001.970
3005.330
3008.670
3012.030
3015.370
3018.870
3022.310
3025.810
3029.210
3032.590
3035.990
3039.270
3042.670
3046.070
3049.470
3052.890
3056.390
3059.950
3063.550
3067.010
3070.710
3074.391
3078.362
3082.612
3086.204
3090.410
3093.630
3096.830
3099.710
3102.990
3106.290
3109.710
3113.355
3116.930
3120.250
3123.650
3127.070
3130.530
3133.930
3137.370
3140.770
3144.190
3147.590
3150.850
3154.250
3157.550
3160.890
3164.130
3167.430
3170.670
3173.930
3177.230
3180.490
3183.930
3187.250
3190.650
3194.010
3197.270
3200.550
3203.810
3207.070
3210.330
3213.710
3217.030
3220.390
3223.650
3226.850
3230.090
3233.310
3236.550
3239.710
3242.906
3246.253
3249.126
3252.767
3256.002
3259.346
3262.551
3265.697
3268.897
3272.146
3275.370
3278.610
3281.830
3285.170
3288.430
3291.730
3294.990
3298.250
3301.630
3304.830
3308.030
3311.330
3314.550
3317.870
3321.130
3324.450
3327.750
3330.970
3334.330
3337.610
3340.910
3344.150
3347.350
3350.630
3353.870
3357.030
3360.270
3363.510
3366.742
3370.106
3373.469
3376.796
3380.057
3383.333
3386.665
3389.962
3393.155
3396.371
3399.575
3402.685
3405.885
3409.044
3412.155
3415.126
3418.326
3421.466
3424.669
3428.244
3431.270
3433.750
3437.053
3440.230
3443.450
3446.530
3449.655
3452.801
3455.750
3458.910
3461.921
3464.910
3467.787
3470.710
3473.414
3476.212
3479.232
3482.293
3485.310
3488.322
3491.689
3495.412
3498.538
3501.615
3504.575
3507.070
3509.730
3512.710
3515.890
3519.111
3522.170
3525.093
3527.706
3530.375
3533.070
3536.070
3538.930
3541.870
3544.642
3547.690
3550.917
3553.697
3556.675
3559.398
3562.161
3564.866
3567.830
3570.790
3573.750
3576.790
3579.890
3582.910
3586.010
3589.010
3591.890
3594.770
3597.712
3600.557
3603.290
3606.370
3609.310
3612.330
3615.370
3618.430
3621.430
3624.390
3627.170
3630.050
3633.104
3635.830
3638.770
3641.650
3644.410
3647.265
3650.432
3653.253
3656.318
3659.230
3662.210
3665.050
3667.950
3670.790
3673.610
3676.350
3679.230
3681.970
3684.690
3687.390
3690.070
3693.010
3695.970
3698.870
3701.810
3704.650
3707.036
3709.869
3712.701
3715.882
3718.930
3721.630
3724.271
3727.086
3729.461
3732.030
3734.790
3737.150
3739.550
3742.190
3745.053
3747.689
3750.416
3753.126
3755.673
3758.326
3760.959
3763.579
3766.200
3768.877
3771.457
3773.979
3776.668
3779.111
3781.806
3784.352
3786.984
3789.555
3792.184
3794.761
3797.373
3799.932
3802.575
3805.198
3808.200
3810.940
3813.341
3816.287
3819.502
3821.992
3824.747
3827.629
3830.469
3833.068
3835.743
3838.746
3841.996
3845.102
3848.277
3851.370
3854.630
3857.750
3860.970
3864.170
3867.390
3870.670
3873.930
3877.190
3880.410
3883.690
3886.950
3890.150
3893.530
3896.810
3899.990
3903.070
3906.110
3909.450
3912.770
3916.130
3919.510
3922.850
3926.110
3929.530
3932.990
3936.370
3939.690
3942.970