133.543
201.493
269.380
337.318
405.494
473.102
541.208
608.514
675.451
742.940
810.121
876.135
941.517
1007.671
1064.089
1119.777
1175.429
1230.553
1284.162
1332.043
1380.822
1430.219
1434.322
1439.132
1443.890
1448.513
1453.233
1458.033
1462.765
1467.570
1472.322
1477.010
1481.773
1486.449
1491.206
1495.944
1500.685
1505.434
1509.957
1514.591
1519.291
1523.967
1528.558
1533.059
1537.702
1542.346
1546.936
1551.556
1556.077
1560.447
1564.806
1569.370
1573.766
1578.112
1582.649
1587.063
1591.543
1595.982
1600.376
1604.815
1609.212
1613.657
1618.052
1622.449
1626.924
1631.418
1635.918
1640.247
1644.561
1648.899
1653.322
1657.748
1662.170
1666.538
1670.993
1675.263
1679.594
1684.098
1688.458
1693.051
1697.477
1701.943
1706.352
1710.776
1715.455
1719.989
1724.571
1729.137
1733.676
1738.271
1742.859
1747.304
1752.057
1756.671
1761.212
1765.648
1769.588
1773.398
1777.281
1781.041
1784.806
1788.600
1792.512
1796.461
1800.276
1804.076
1807.878
1811.712
1815.686
1819.659
1823.450
1827.285
1831.045
1834.930
1838.925
1842.885
1846.931
1850.934
1854.913
1858.884
1862.833
1866.780
1870.771
1874.722
1878.733
1882.680
1886.660
1890.552
1894.431
1898.248
1901.803
1905.374
1908.948
1912.556
1916.169
1919.767
1923.327
1926.843
1930.427
1934.024
1937.518
1941.098
1944.702
1948.205
1951.833
1955.455
1959.029
1962.567
1966.108
1969.614
1973.107
1976.578
1980.153
1983.822
1987.727
