514.647
519.268
524.086
529.100
534.101
539.121
544.101
549.081
553.981
558.961
563.961
568.941
573.921
578.961
583.981
588.881
593.761
598.681
603.501
608.421
613.301
618.141
622.821
627.661
632.541
637.361
641.943
647.210
651.598
656.341
661.101
665.801
670.581
675.341
680.121
684.901
689.561
694.201
698.861
703.581
708.121
712.821
717.461
722.041
726.701
731.441
736.131
740.833
745.314
750.061
754.801
759.601
764.401
769.081
773.841
778.661
783.601
788.421
792.981
797.273
802.201
806.901
811.541
816.141
820.721
825.321
829.981
834.721
839.361
844.021
848.601
853.261
858.001
862.781
867.461
872.121
876.781
881.461
885.981
890.621
895.261
900.001
904.661
909.301
913.861
918.581
923.261
927.961
932.522
937.320
942.022
946.821
951.501
956.181
960.853
965.567
970.281
975.076
979.801
984.433
989.054
993.559
998.321
1003.201
1007.921
1012.601
1017.401
1022.121
1026.801
1031.561
1036.301
1041.041
1045.781
1050.461
1055.001
1059.501
1064.161
1068.821
1073.561
1078.261
1082.861
1087.361
1092.101
1096.961
1101.781
1106.601
1111.261
1115.821
1120.461
1125.141
1129.681
1134.201
1138.941
1143.581
1148.141
1152.781
1157.181
1161.721
1166.201
1170.761
1175.441
1180.141
1184.741
1189.281
1193.921
1198.601
1203.241
1207.681
1212.321
1216.881
1221.441
1225.796
1230.531
1235.118
1239.760
1244.490
1249.176
1253.878
1258.498
1263.189
1267.868
1272.407
1277.005
1281.637
1286.351
1291.180
1295.836
1300.399
1304.996
1309.633
1314.106
1318.554
1322.621
1327.221
1331.701
1336.321
1340.881
1345.481
1350.081
1354.761
1359.441
1363.821
1368.381
1373.061
1377.621
1382.201
1386.821
1391.381
1395.701
1400.212
1404.703
1409.207
1413.561
1418.081
1422.461
1426.941
1431.321
1435.841
1440.321
1444.761
1449.161
1453.511
1457.760
1462.044
1466.259
1470.727
1475.210
1479.804
1484.049
1488.441
1492.761
1497.143
1501.141
1505.453
1509.780
1514.008
1518.204
1522.514
1526.727
1531.037
1535.265
1539.445
1543.935
1548.131
1552.522
1557.029
1561.502
1565.976
1570.465
1574.955
1579.412
1583.820
1588.424
1593.040
1597.388
1601.665
1606.188
1610.400
1614.743
1619.086
1623.559
1627.935
1632.408
1636.784
1641.159
