2.803
5.379
8.134
10.942
13.836
16.650
19.430
22.210
24.990
27.750
30.510
33.350
36.210
39.090
41.890
44.750
47.630
50.490
53.410
56.330
59.210
62.090
65.030
67.970
70.870
73.830
76.750
79.790
83.036
86.073
89.077
92.130
95.150
98.330
101.230
104.110
106.950
109.930
112.870
115.884
119.130
122.171
124.969
127.730
130.690
133.730
136.670
139.630
142.650
145.630
148.590
151.550
154.530
157.490
160.490
163.610
166.690
169.690
172.770
175.850
178.890
182.050
185.130
188.250
191.361
194.321
197.143
200.138
203.170
206.130
209.110
212.210
215.170
218.190
221.150
224.150
227.270
230.270
233.290
236.310
239.350
242.290
245.290
248.270
251.370
254.370
257.270
260.150
263.110
266.030
269.150
272.230
275.190
278.170
281.190
284.250
287.350
290.450
293.550
296.610
299.730
302.870
305.970
309.070
312.090
315.170
318.150
321.290
324.390
327.530
330.630
333.710
336.810
339.870
342.930
346.010
349.090
352.210
355.310
358.390
361.530
364.590
367.650
370.750
373.850
376.930
380.050
383.210
386.330
389.430
392.510
395.590
398.690
401.750
404.870
408.010
411.170
414.250
417.370
420.430
423.490
426.590
429.650
432.750
435.830
438.870
442.010
445.170
448.290
451.410
454.570
457.550
460.650
463.830
466.990
470.130
473.250
476.370
479.510
482.644
485.730
488.810
491.910
495.090
498.210
501.250
504.410
507.530
510.650
513.770
516.850
519.930
523.050
526.130
529.250
532.350
535.410
538.550
541.690
544.810
547.870
550.950
554.010
557.110
560.190
563.310
566.410
569.420
572.440
575.513
578.571
581.618
584.697
587.742
590.759
593.562
596.822
599.922
602.970
606.150
609.270
612.470
615.590
618.750
621.910
625.010
628.150
631.270
634.230
637.090
