321.763
333.829
346.998
360.120
373.000
386.016
399.142
412.304
425.484
438.663
451.895
465.067
478.190
491.279
504.027
517.283
530.247
543.256
556.182
569.284
582.452
595.326
608.495
621.627
634.688
647.773
660.846
673.869
686.910
699.835
713.035
726.175
739.387
752.379
765.559
778.476
791.365
804.275
817.218
830.232
843.227
856.126
869.105
881.882
894.784
907.654
920.689
933.439
946.161
958.949
971.773
984.604
997.834
1010.061
1022.714
1035.450
1048.140
1060.818
1073.862
1086.822
1099.743
1112.726
1125.759
1138.817
1151.803
1164.571
1177.368
1189.991
1202.521
1215.173
1227.656
1240.294
1252.853
1265.459
1278.212
1291.029
1303.817
1316.602
1329.586
1342.354
1354.994
1367.644
1380.300
1392.858
1405.452
1418.324
1430.860
1443.291
1455.592
1468.131
1480.417
1492.886
1505.443
1518.025
1530.511
1543.236
1556.042
1569.189
1581.601
1593.902
1606.290
1618.599
1631.010
1643.151
1655.632
1667.855
1680.335
1692.688
1705.082
1717.647
1730.115
1742.415
1754.934
1767.387
1779.706
1789.531
1796.228
1802.798
1809.288
1815.798
1822.219
1828.853
1835.369
1841.820
1848.286
1854.639
1860.859
1867.327
1873.749
1880.269
1886.586
1893.205
1899.604
1906.006
1912.469
1918.834
1925.053
1931.365
1937.763
1944.035
1950.555
1956.831
1963.203
1969.659
1976.033
1982.398
1988.729
1994.104
1998.483
2002.863
2007.229
2011.597
2015.945
2020.264
2024.611
2028.986
2033.257
2037.565
2041.825
2046.206
2050.549
2054.942
2059.301
2063.574
2067.986
2072.382
2076.659
2081.030
2085.300
2089.636
2093.976
2098.262
2102.503
2106.863
2111.051
2115.446
2119.735
2123.999
2128.263
2132.616
2136.924
2141.172
2145.448
2149.765
2153.943
2158.331
2162.643
2167.010
2171.315
2175.501
2179.733
2183.906
2188.226
2192.390
2196.625
2200.786
2205.010
2209.213
2213.390
2217.598
2221.814
2225.940
2230.098
2234.287
2238.446
2242.714
2246.947
2251.131
2255.351
2259.479
2263.662
2267.791
2272.163
2276.347
2280.420
2284.570
