930.599
941.797
953.035
964.266
975.371
986.571
997.612
1008.554
1019.267
1029.914
1040.618
1051.230
1062.452
1073.643
1084.784
1095.869
1106.830
1117.753
1128.625
1139.249
1149.657
1159.903
1170.182
1180.679
1191.890
1203.179
1214.135
1225.113
1236.386
1247.664
1258.884
1270.096
1281.761
1293.329
1305.102
1316.832
1328.604
1340.260
1351.844
1363.131
1374.394
1385.511
1396.906
1408.545
1420.111
1431.701
1442.842
1453.798
1465.027
1476.207
1487.439
1498.914
1509.952
1521.692
1533.274
1544.586
1555.796
1566.768
1577.784
1589.265
1600.677
1612.042
1623.034
1634.328
1645.464
1656.661
1667.899
1678.948
1689.876
1700.647
1711.588
1722.216
1732.370
1743.762
1754.697
1765.617
1776.494
1787.393
1798.127
1808.653
1818.833
1829.819
1840.846
1852.002
1863.191
1874.438
1885.573
1896.852
1908.229
1919.519
1930.716
1941.822
1953.064
1964.382
1975.725
1987.001
1998.331
2009.784
2021.216
2032.537
2043.844
2055.070
2066.212
2077.429
2088.473
2100.070
2111.813
2117.789
2123.678
2135.434
2147.059
2158.075
2169.030
2179.843
2190.551
2201.157
2211.701
2222.095
2232.449
2242.783
2253.469
2263.830
2274.293
2285.163
2296.092
2307.152
2318.196
2329.241
2340.138
2351.128
2361.944
2372.817
2383.453
2394.141
2404.750
2415.499
2427.337
2438.678
2450.215
2461.352
2472.672
2484.006
2494.761
2505.508
2516.341
2527.273
2538.295
2549.026
2559.698
2570.246
2580.860
