320.747
387.192
452.075
515.918
580.033
644.620
709.706
774.291
838.269
904.046
969.972
1035.836
1101.878
1168.547
1234.004
1299.574
1365.458
1432.050
1498.859
1565.557
1631.908
1698.302
1764.229
1829.990
1894.536
1958.426
2020.780
2078.584
2139.838
2199.082
2256.453
2312.562
2368.360
2420.436
2473.970
2526.183
2578.561
2629.187
2678.924
2730.887
2784.372
2785.159
2790.984
2796.775
2802.525
2808.078
2813.784
2819.503
2825.004
2831.038
2836.772
2842.647
2848.522
2854.420
2860.372
2866.245
2872.122
2878.056
2883.847
2889.776
2895.693
2901.348
2907.363
2913.280
2919.205
2925.066
2930.837
2936.493
2942.193
2947.922
2953.552
2959.093
2964.800
2970.608
2976.323
2981.930
2987.553
2993.170
2998.547
3003.912
3009.351
3014.367
3019.763
3024.871
3030.309
3035.661
3040.939
3046.481
3051.813
3057.134
3062.480
3068.038
3073.571
3078.914
3084.145
3089.546
3095.041
3100.619
3106.110
3111.549
3117.015
3122.506
3127.941
3133.359
3138.937
3144.463
3150.029
3155.531
3161.012
3166.441
3171.718
3177.294
3182.737
3188.112
3193.570
3199.134
3204.844
3210.494
3216.100
3221.691
3227.259
3232.655
3238.052
3243.012
3248.348
3253.410
3258.412
3263.302
3268.118
3273.380
3278.746
3283.331
3288.033
3292.634
3297.039
3301.544
3306.008
3310.288
3314.440
3318.694
3323.174
3327.702
3332.178
3336.763
3341.303
3345.859
3350.294
3354.860
3359.292
3363.796
3366.124
3370.931
3375.554
3380.085
3384.639
3389.202
3393.741
3398.075
3402.354
3406.838
3411.389
3415.835
3420.372
3424.851
3429.361
3433.779
3438.161
3442.579
3446.933
3451.333
3455.771
3460.039
3464.075
3468.452
3472.707
3476.843
3480.922
3485.161
3489.402
3493.538
3497.677
3501.822
3506.045
3510.381
3514.650
3518.923
3523.077
3527.259
3531.395
3535.600
3539.810
3543.984
3547.974
3552.177
3556.313
3560.419
3564.518
3568.608
3572.667
3576.737
3580.796
3584.981
3589.149
3593.260
3597.482
3601.650
3605.844
3609.991
3613.997
3618.025
3622.171
3626.312
3630.472
3634.563
3638.596
3642.553
3646.523
3650.510
3654.670
3658.847
3663.043
3667.079
3671.084
3675.141
3679.335
3683.254
3687.160
3691.244
3695.269
3699.228
3703.141
3706.863
3711.025
3715.126
3719.293
3723.337
3727.096
3730.749
3734.520
3738.151
3741.803
3745.373
3748.986
3752.620
3756.217
3759.874
3763.476
3767.024
3770.568
3774.028
3777.506
3781.135
3784.799
3788.460
3792.071
3795.551
3799.141
3802.645
3806.230
3809.718
3813.253
3816.865
3820.453
3824.000
3827.615
3831.099
3834.714
3838.288
3841.865
3845.351
3848.798
3852.243
3855.765
3859.335
3862.943
3866.567
3870.159
3873.755
3877.327
3880.906
3884.461
3887.996
3891.563
3895.135
3898.670
3902.034
3905.559
3909.148
3912.571
3916.041
3919.473
3923.037
3926.535
3929.980
3933.441
3936.819
3940.294
3943.734
3947.190
3950.684
3954.078
3957.437
3960.753
3964.127
3967.465
