1.276
3.918
6.615
9.245
11.770
14.490
17.270
19.970
22.630
25.350
28.090
30.790
33.350
36.170
38.850
41.570
44.290
47.030
49.690
52.430
55.150
57.810
60.430
63.050
65.750
68.430
71.110
73.830
76.470
79.090
81.610
84.270
86.930
89.650
92.270
94.790
97.490
100.110
102.810
105.450
108.130
110.850
113.510
116.130
118.750
121.410
124.090
126.790
129.410
132.090
134.790
137.370
140.010
142.690
145.330
148.010
150.770
153.470
156.190
158.910
161.590
164.310
167.050
169.770
172.490
175.230
177.950
180.650
183.390
186.070
188.750
191.470
194.130
196.790
199.450
202.110
204.810
207.510
210.170
212.850
215.550
218.250
220.990
223.710
226.370
229.010
231.630
234.190
236.750
239.490
242.190
244.890
247.530
250.230
252.930
255.570
258.190
260.910
263.428
266.150
