7.706
15.624
23.560
31.200
38.812
46.380
54.137
61.673
69.403
77.195
84.852
92.229
99.808
107.651
115.424
123.043
130.759
138.699
146.564
154.169
162.009
169.595
177.091
184.638
192.093
199.635
206.826
214.262
221.542
228.869
236.077
243.250
250.256
257.324
264.493
271.697
278.547
285.659
292.816
300.021
307.189
314.168
321.178
328.440
335.621
342.698
349.530
356.416
363.178
370.179
377.159
384.128
391.070
398.077
404.876
411.826
418.628
425.353
432.099
438.863
445.722
452.081
458.667
465.183
471.772
478.467
484.949
491.638
498.579
505.435
512.238
518.786
525.677
532.441
539.231
546.035
553.198
560.332
567.490
574.685
581.851
588.958
