259.665
302.080
345.257
384.122
421.093
457.028
492.444
527.487
561.706
596.056
629.864
663.405
696.656
729.942
763.319
796.304
829.660
862.302
895.419
928.293
961.143
993.163
1025.947
1058.499
1090.240
1122.133
1154.217
1186.168
1217.967
1247.973
1278.490
1308.903
1339.350
1369.222
1399.739
1430.505
1460.740
1490.761
1519.316
1548.463
1577.743
1607.621
1637.093
1664.133
1691.904
1719.797
1748.892
1777.388
1806.164
1834.852
1860.028
1885.866
1912.302
1938.579
1962.955
1987.673
2012.874
2020.122
2026.237
2032.303
2038.381
2044.620
2050.896
2057.224
2063.029
2068.789
2074.575
2080.560
2086.495
2092.507
2098.756
2104.661
2110.318
2116.429
2122.522
2128.671
2134.860
2141.129
2146.879
2152.947
2158.962
2164.976
2170.624
2176.145
2181.808
2187.482
2193.221
2199.106
2204.889
2210.702
2216.576
2222.259
2228.061
2233.750
2239.483
2245.288
2251.087
2256.712
2262.610
2268.711
2274.853
2280.906
2286.799
2292.691
2298.345
2303.682
2308.765
2314.077
2319.527
2324.816
2330.424
2335.968
2341.540
2347.263
2352.831
2358.508
2364.075
2369.793
2375.349
2380.933
2386.626
2392.148
2397.771
2402.905
2408.019
2413.075
2418.131
2423.362
2428.441
2433.192
2437.993
2442.855
2447.714
2452.888
2457.767
2462.836
2467.886
2473.122
2478.288
2483.426
2488.575
2493.753
2498.937
2504.182
2509.340
2514.163
2518.743
2523.318
2528.031
2532.789
2537.523
2542.091
2546.544
2551.100
2555.663
2560.371
2565.073
2569.816
2574.529
2579.183
2583.812
2588.398
2593.126
2598.030
2602.550
2607.153
2611.510
2615.722
2620.081
2624.168
2628.604
2633.132
2637.566
2642.137
2646.401
2650.784
2655.121
2659.540
2663.768
2668.162
2672.860
2677.266
2681.748
2686.032
2690.223
2694.536
2698.768
2703.307
2707.616
2711.648
2716.136
2720.167
2724.668
2729.183
2733.114
2737.469
2741.572
2745.440
2749.248
2753.462
2757.259
2761.497
2765.628
2769.432
2773.350
2777.142
2780.751
2784.600
2788.469
2792.614
2796.298
2800.187
2804.028
2807.756
2811.634
2815.825
2820.017
2823.674
2827.470
2831.191
2835.226
2838.827
2842.553
2846.212
2850.040
2853.888
2857.522
2861.289
2865.052
2869.011
2872.411
2876.153
2880.019
2883.697
2887.357
2890.944
2894.673
2898.421
2902.216
2905.910
2909.726
2913.661
2917.457
2921.142
2924.722
2928.334
2931.914
2935.487
2939.146
2942.741
2946.523
2950.155
2953.820
2957.455
2961.188
2964.783
2968.546
2972.187
2975.783
2979.395
2982.983
2986.559
2990.211
2993.750
2997.400
3001.040
3004.590
3008.241
3011.969
