374.192
409.098
441.910
474.777
507.816
540.403
574.045
607.751
640.878
674.397
708.098
741.069
774.348
807.213
839.631
871.436
903.497
935.445
967.796
1000.385
1033.191
1065.455
1097.700
1130.135
1162.418
1194.141
1226.382
1258.088
1289.714
1321.327
1353.369
1385.198
1416.996
1442.443
1465.669
1488.694
1511.467
1535.002
1558.433
1581.812
1603.584
1625.006
1646.817
1665.334
1683.530
1702.723
1721.664
1740.498
1744.812
1749.892
1754.924
1759.941
1764.914
1769.831
1774.904
1779.679
1784.758
1789.878
1794.818
1799.700
1804.666
1809.821
1814.906
1819.931
1824.723
1829.679
1834.612
1839.552
1844.587
1849.690
1854.656
1859.599
1869.366
1874.190
1879.069
1883.988
1888.848
1893.696
1898.557
1903.578
1908.406
1913.063
1917.686
1922.475
1927.207
1931.953
1936.724
1941.498
1946.331
1951.198
1956.082
1960.802
1965.680
1970.496
1975.324
1980.137
1984.894
1989.829
1994.686
1999.371
2004.267
2009.061
2013.918
2023.722
2028.499
2033.088
2037.794
2042.451
2047.085
2051.851
2056.457
2061.058
2065.729
2070.299
2074.894
2079.435
2083.969
2088.574
2093.208
2097.815
2102.604
2107.282
2112.011
2116.749
2121.437
2126.189
2130.882
2135.557
2140.248
2148.729
2152.909
2157.058
2161.270
2165.386
2169.458
2173.569
2181.795
2185.937
2190.061
2194.182
2198.312
2202.514
2206.608
2210.759
2214.957
2219.208
2223.535
2227.694
2232.222
