837.326
846.191
854.622
862.850
870.605
878.248
885.878
893.698
901.190
908.751
916.295
923.973
931.460
938.872
946.113
953.331
960.435
967.666
974.943
982.013
989.434
996.513
1003.792
1010.935
1018.181
1025.316
1032.456
1039.576
1046.809
1053.713
1060.620
1067.607
1074.708
1081.921
1088.586
1095.399
1102.224
1109.055
1116.134
1123.274
1130.646
1137.503
1144.462
1151.280
1157.852
1164.690
1171.512
1178.329
1185.005
1191.638
1198.558
1205.620
1212.455
1219.525
1226.413
1232.798
1239.660
1246.370
1253.263
1260.057
1266.858
1273.999
1280.514
1287.326
1294.037
1301.042
1307.810
1314.431
1320.949
1327.419
1333.701
1339.768
1346.351
1352.818
1359.273
1365.763
1372.064
1378.433
1385.181
1391.598
1398.137
1404.706
1410.972
1417.375
1423.446
1429.514
1436.218
1442.697
1449.260
1455.810
1462.235
1468.695
1474.876
1481.431
1487.934
1494.512
1500.955
1507.312
1513.790
1520.196
1526.514
1532.966
1539.449
1545.706
1552.005
1558.318
1564.624
1570.958
1577.260
1583.371
1589.694
1595.989
1602.252
1608.446
1614.685
1620.799
1626.906
1633.052
1639.130
1645.261
1651.372
1657.471
1663.404
1669.441
1675.004
1680.884
1686.686
1692.429
1698.343
1704.182
1710.098
1716.016
1722.008
1727.945
1733.788
1739.730
1745.311
1751.290
1757.148
1762.955
1768.810
1774.609
1780.533
1786.288
1791.867
1797.747
1803.521
1809.494
1815.403
1821.582
1827.348
1833.148
1839.044
1844.953
1850.864
1856.817
1862.700
1868.556
1874.422
1880.363
1886.400
1892.241
1898.158
1903.879
1909.719
1915.634
1921.524
1927.561
1933.428
1939.284
1944.961
1950.582
1956.230
1961.912
1967.798
1974.108
1980.170
1985.865
1991.814
1997.952
2003.800
2009.281
2014.866
2020.564
2025.599
2030.933
2036.303
2041.713
2046.975
2052.752
2058.886
2064.611
2070.188
2075.847
2081.153
2086.391
2091.811
2097.015
2102.477
2108.029
2113.343
2118.762
2124.167
2129.422
2134.550
2139.932
2145.420
2151.110
2156.852
2162.544
2168.119
2173.667
2179.298
2184.997
2190.667
2196.511
2202.308
2207.977
2213.641
2219.257
2224.865
2230.671
2236.327
2241.684
2247.262
2252.837
2258.311
2263.865
2269.220
2274.609
2279.997
2285.526
2291.233
2296.522
2301.996
2307.480
2312.796
2317.955
2323.667
2329.298
2334.819
2340.105
2345.517
2350.913
2356.262
2361.428
2366.701
2372.040
2377.389
2382.416
2387.536
2392.734
2397.896
2403.055
2408.278
2413.879
2419.502
2425.008
2430.427
2435.966
2441.550
2447.057
2452.514
2457.910
2463.330
2468.663
2473.887
2479.133
2484.568
2489.730
2494.928
2500.158
2505.343
2510.527
2515.592
2520.926
2526.057
2531.147
2536.348
2541.460
2546.629
2551.812
2557.108
2562.605
2568.024
2573.506
2578.882
2584.249
2589.510
2594.825
2599.948
2605.099
2610.400
2615.577
2620.917
2626.071
2631.310
2636.580
2642.001
2647.254
2652.644
2658.030
2663.387
2668.799
2674.163
2679.378
2684.594
2689.818
2695.152
2700.517
2705.803
2711.057
2716.078
2721.346
2726.350
2731.503
2736.851
2741.975
2747.275
2752.424
2757.662
2762.650
2767.888
2773.049
2778.156
2783.238
2788.367
2793.464
2798.310
2803.086
2807.948
2812.699
2817.395
2822.047
2826.737
2831.400
2836.051
2841.210
2846.181
2851.390
2856.369
2861.341
2866.321
2871.333
2876.407
2881.354
2886.263
2891.256
2896.051
2901.995
2908.099
2914.028
2919.841
2925.598
2931.593
2937.494
2943.626
2949.839
2955.943
2962.170
2967.835
2973.012
