233.633
313.227
395.355
475.498
554.208
631.240
707.495
783.790
857.263
929.762
1002.080
1073.041
1145.493
1217.840
1289.584
1361.516
1433.173
1504.943
1577.596
1647.541
1719.768
1789.957
1861.404
1930.066
2000.118
2066.596
2132.024
2199.604
2264.531
2329.135
2389.971
2449.812
2511.424
2572.024
2629.991
2687.282
2745.388
2802.686
2859.388
2863.123
2868.582
2873.133
2878.198
2883.024
2887.988
2892.620
2897.038
2901.657
2906.529
2911.533
2916.580
2921.697
2926.771
2931.873
2937.144
2942.084
2947.053
2952.200
2957.485
2962.721
2967.470
2972.149
2977.117
2981.969
2986.903
2991.758
2996.550
3001.238
3006.099
3010.937
3015.726
3020.787
3025.493
3030.389
3035.483
3040.355
3045.044
3049.678
3054.216
3059.122
3063.778
3068.478
3073.335
3077.822
3082.363
3087.123
3091.967
3097.098
3102.176
3107.263
3111.743
3116.457
3121.224
3125.892
3130.330
3134.969
3139.549
3144.410
3148.751
3153.322
3157.845
3162.459
3167.231
3172.077
3176.796
3181.472
3186.131
3190.759
3195.559
3200.234
3204.894
3209.578
3214.220
3219.061
3223.820
3228.436
3233.047
3237.502
3241.998
3246.472
3250.936
3255.249
3259.458
3263.720
3267.837
3271.784
3275.910
3280.044
3284.055
3288.082
3292.297
3296.451
3300.656
3305.004
3309.125
3313.459
3317.729
3321.956
3326.188
3330.333
3334.255
3338.278
3342.220
3346.532
3350.629
3355.012
3359.224
3363.844
3367.826
3371.991
3376.212
3380.373
3384.559
3388.804
3392.906
3396.870
3400.718
3404.610
3408.495
3412.613
3416.495
3420.381
3424.234
3428.219
3432.025
3435.790
3439.697
3443.666
3447.488
3451.196
3454.863
3458.537
3462.348
3466.175
3469.859
3473.508
3477.174
3480.848
3484.527
3488.395
3492.281
3496.034
3499.740
3503.308
3507.082
3511.050
3514.973
3518.854
3522.679
3526.476
3530.144
3533.883
3537.459
3541.049
3544.631
3548.212
3551.774
3555.468
3559.039
3562.844
3566.483
3570.143
3574.108
3577.823
3581.528
3585.067
3588.647
3592.217
3595.793
3599.562
3603.321
3607.084
3610.984
