114.921
153.213
191.390
229.076
267.318
304.233
341.510
378.961
416.363
453.211
489.805
526.383
562.853
599.197
635.456
671.675
707.898
743.998
777.057
812.831
848.738
884.796
919.939
955.090
989.229
1023.992
1058.922
1093.588
1128.743
1164.424
1199.978
1235.607
1271.182
1305.646
1339.894
1373.658
1407.791
1417.602
1422.508
1427.212
1431.856
1436.523
1441.171
1445.725
1450.284
1454.835
1459.328
1463.856
1468.273
1472.732
1477.161
1481.584
1486.018
1490.415
1494.811
1499.153
1503.543
1507.941
1512.326
1516.706
1521.038
1525.418
1529.728
1533.994
1538.221
1542.512
1546.753
1550.853
1555.165
1559.440
1563.743
1568.008
1572.282
1576.478
1580.753
1585.273
1589.562
1593.793
1597.803
1601.884
1606.110
1610.353
1614.616
1618.677
1622.921
1627.191
1631.374
1635.586
1639.781
1643.915
1648.042
1652.258
1656.442
1660.594
1664.789
1668.888
1673.044
1677.151
1681.316
1685.477
1689.623
1693.588
1697.805
1701.921
1706.031
1710.190
1714.306
1718.460
1722.627
1726.738
1730.873
1734.940
1739.032
1743.184
1747.244
1751.397
1755.478
1759.611
1763.614
1767.712
1771.735
1775.775
1779.986
1784.169
1788.360
1792.555
1796.631
1800.785
1804.817
1808.913
1813.005
1817.082
1821.185
1825.138
1829.280
1833.467
1837.662
1841.781
1845.929
1849.900
1853.945
1858.016
1862.088
1866.145
1870.267
1874.312
1878.399
1882.421
1886.523
1890.683
1894.648
1898.704
1902.698
1906.670
1910.667
1914.699
1918.758
1922.762
1926.754
1930.760
1934.843
1938.865
1942.940
1946.919
1950.950
1954.926
1958.760
1962.897
1966.948
1971.030
1974.854
1978.937
1983.022
1987.128
1991.145
1995.249
1999.303
2003.352
2007.246
2011.352
2015.589
