76.683
97.006
117.467
137.904
158.268
178.503
198.531
218.699
239.067
259.010
279.108
299.369
319.501
339.467
359.524
379.157
386.454
391.834
397.197
402.585
407.859
413.303
418.619
423.924
429.181
434.430
439.752
445.120
450.414
455.769
460.993
466.214
471.418
476.585
481.867
486.977
492.160
497.309
502.423
507.508
512.523
517.577
522.705
527.744
532.742
537.856
542.982
548.120
553.199
558.197
563.162
568.275
573.410
578.544
583.567
588.505
593.507
598.402
603.284
608.219
613.298
618.401
623.480
628.510
633.343
638.155
643.049
