744.702
746.756
748.760
750.989
752.879
754.908
756.966
759.015
761.053
763.183
765.156
767.254
769.306
771.368
773.473
775.534
777.592
779.721
781.796
783.940
785.978
788.119
790.184
792.308
794.313
796.445
798.463
800.613
802.650
804.790
806.810
808.890
810.970
813.090
815.170
817.150
819.090
820.970
823.070
825.270
827.370
829.490
831.590
833.690
835.790
837.910
839.910
841.850
843.930
846.030
848.170
850.230
852.350
854.450
856.610
858.730
860.870
862.930
864.930
867.010
869.010
871.110
873.250
875.350
877.470
879.570
881.630
883.730
885.770
887.770
889.750
891.750
893.850
895.970
897.990
899.970
902.130
904.270
906.410
908.550
910.710
912.850
914.990
917.050
918.970
921.130
923.230
925.410
927.530
929.630
931.710
933.890
936.030
938.170
940.270
942.430
944.570
946.730
948.910
951.010
953.070
955.230
957.310
959.430
961.550
963.730
965.890
967.990
970.230
972.330
974.490
976.570
978.670
980.770
982.870
984.930
987.090
989.310
991.550
993.730
995.970
998.230
1000.470
1002.770
1004.970
1007.230
1009.530
1011.810
1014.030
1016.210
1018.350
1020.590
1022.610
1024.874
1027.114
1029.261
1031.470
1033.622
1035.812
1037.949
1040.024
1042.229
1044.263
1046.443
1048.660
1050.766
1052.939
1055.040
1057.260
1059.407
1061.573
1063.745
1065.948
1068.189
1070.359
1072.595
1074.897
1077.099
1079.272
1081.532
1083.720
1086.027
1088.295
1090.381
1092.587
1094.733
1096.900
1098.910
1101.151
1103.092
1105.254
1107.463
1109.685
1111.970
1114.060
1116.247
1118.427
1120.564
1122.660
1124.812
1126.910
1129.018
1131.110
1133.190
1135.370
1137.490
1139.650
1141.810
1143.950
1146.150
1148.330
1150.470
1152.530
1154.610
1156.670
1158.710
1160.974
1163.026
1165.061
1167.135
1169.102
1171.218
1173.436
1175.526
1177.727
1179.889
1182.037
1184.210
1186.458
1188.662
1190.855
1193.031
1195.180
1197.421
1199.589
1201.830
1203.990
1206.170
1208.310
1210.390
1212.430
1214.390
1216.410
1218.455
1220.730
1222.870
1225.030
1227.150
1229.250
1231.370
1233.470
1235.590
1237.710
1239.790
1241.890
1243.930
1245.930
1247.950
1250.030
1252.110
1254.150
1256.110
1258.210
1260.270
1262.430
1264.570
1266.741
1268.854
1270.967
1273.126
1275.205
1277.341
1279.489
1281.602
1283.750
1285.909
1287.918
1289.972
1292.027
1294.129
1296.137
1298.262
1300.282
1302.337
1304.346
1306.412
1308.410
1310.510
1312.650
1314.790
1316.850
1319.070
1321.121
1323.225
1325.345
1327.447
1329.519
1331.614
1333.653
1335.726
1337.843
1339.867
1341.918
1343.932
1345.985
1348.001
1350.117
1352.176
1354.263
1356.286
1358.336
1360.390
1362.424
1364.433
1366.478
1368.508
1370.562
1372.593
1374.629
1376.619
1378.641
1380.707
1382.816
1384.872
1386.936
1388.944
1390.940
1392.920
1394.959
1397.036
1399.076
1401.062
1403.009
1405.018
1407.032
1409.071
1411.129
1413.227
1415.227
1417.285
1419.357
1421.396
1423.482
1425.599
1427.695
1429.755
1431.793
1433.797
1435.839
1437.871
1439.955
1442.005
1444.083
1446.096
1448.134
1450.178
1452.232
1454.204
1456.275
1458.226
1460.393
1462.578
1464.687
1466.735
1468.737
1470.764
1472.833
1475.001
1477.096
1479.171
1481.217
1483.344
1485.452
1487.535
1489.559
1491.598
1493.640
1495.749
1497.818
1499.884
1501.990
1504.110
1506.141
1508.193
1510.193
1512.221
1514.249
1516.418
1518.515
1520.642
1522.690
1524.743
1526.764
1528.843
1530.985
1533.090
1535.145
1537.154
1539.255
1541.283
1543.361
1545.357
1547.306
1549.409
1551.460
1553.400
1555.429
1557.395
1559.364
1561.425
1563.450
1565.568
1567.671
1569.900
1571.983
1574.100
1576.151
1578.328
1580.493
1582.592
1584.775
1586.922
1589.052
1591.210
1593.456
1595.695
1597.870
1600.028
1602.147
1604.224
1606.225
