94.496
103.808
113.267
122.647
131.976
141.353
150.733
160.097
169.393
178.627
187.833
197.037
206.249
215.582
224.780
234.077
243.266
252.484
261.563
270.769
279.735
288.766
297.709
306.999
316.256
325.431
334.614
343.609
352.649
361.837
370.971
379.919
388.750
397.652
406.564
415.480
424.465
433.421
442.459
451.547
460.617
469.534
478.524
486.043
490.336
494.688
498.994
503.311
507.620
511.869
516.136
520.392
524.603
528.820
533.078
537.332
541.576
545.836
550.037
554.256
558.431
562.602
566.769
570.893
575.006
579.120
583.302
587.467
591.602
595.786
599.947
604.127
608.325
612.500
616.641
620.778
624.943
629.080
633.278
637.414
641.593
645.733
649.865
653.998
658.100
