687.154
698.122
708.737
718.998
729.369
739.572
749.614
759.692
769.665
779.787
789.781
799.497
809.481
819.314
829.340
839.291
848.934
858.257
868.133
878.221
888.240
898.250
908.199
918.188
928.147
937.909
947.792
957.748
967.776
977.783
987.794
997.529
1007.667
1017.662
1027.744
1037.575
1047.489
1057.321
1067.331
1077.211
1087.319
1097.158
1106.926
1116.665
1126.363
1136.270
1146.185
1156.184
1166.265
1176.088
1185.779
1195.553
1205.443
1215.182
1225.036
1234.820
1244.588
1254.626
1264.408
1273.747
1283.363
