2.384
5.159
8.030
11.010
13.990
16.870
19.670
22.550
25.470
28.270
31.050
33.930
36.710
39.410
42.190
44.990
47.910
50.830
53.682
56.590
59.490
62.290
65.090
67.930
70.830
73.690
76.550
79.370
82.210
85.110
87.910
90.730
93.610
96.510
99.350
102.090
104.930
107.790
110.630
113.350
116.290
119.090
122.010
124.930
127.790
130.610
133.490
136.290
139.130
141.870
144.650
147.430
150.250
153.050
155.810
158.550
161.350
164.150
167.110
169.970
172.890
175.810
178.790
181.670
184.610
187.450
190.330
193.130
196.070
198.930
201.810
204.610
207.430
210.270
213.170
216.050
218.890
221.750
224.650
227.470
230.330
233.250
236.130
239.030
241.813
244.529
247.210
249.850
252.690
255.543
258.430
261.310
264.170
266.884
269.878
272.678
275.482
278.268
281.029
283.806
286.645
289.390
292.210
295.030
297.830
300.670
303.510
306.310
309.170
312.010
314.810
317.630
320.590
323.350
326.190
328.990
331.750
334.390
336.970
