3.109
5.391
7.503
9.722
11.949
14.081
16.213
18.401
20.526
22.711
24.921
27.114
29.264
31.452
33.680
35.917
38.141
40.290
42.517
44.762
46.940
49.200
51.466
53.666
55.897
58.089
60.296
62.615
64.910
67.112
69.392
71.623
73.828
76.073
78.245
80.612
82.827
85.112
87.359
89.697
91.923
94.181
96.411
98.649
100.951
103.199
105.438
107.705
109.982
112.376
114.670
117.010
119.325
121.693
124.003
126.390
128.677
131.020
133.365
135.779
138.123
140.500
142.739
145.073
147.402
149.688
152.060
154.375
156.702
159.065
161.342
163.613
165.960
168.141
170.381
172.690
174.970
177.228
179.456
181.789
184.156
186.476
188.836
191.210
193.564
195.814
198.081
200.440
202.612
204.967
207.328
209.615
211.868
214.054
216.429
218.700
220.932
223.276
225.656
227.925
230.225
232.517
234.820
237.117
239.403
241.711
244.028
246.367
248.735
251.219
253.535
255.851
258.099
260.372
262.686
264.961
267.232
269.474
271.716
273.914
276.245
278.514
280.766
283.161
285.426
287.812
290.187
292.552
294.851
297.201
299.539
301.850
304.145
306.516
308.823
311.201
313.579
315.897
318.271
320.705
323.101
325.469
327.852
330.268
332.671
335.142
337.619
339.899
342.167
344.502
