0.940
3.603
6.045
8.413
10.704
13.118
15.459
17.890
20.341
22.718
25.130
27.627
30.008
32.459
34.861
37.323
39.773
42.297
44.774
47.269
49.707
52.195
54.628
57.086
59.502
61.969
64.384
66.877
69.394
71.905
74.450
77.093
79.624
82.146
84.633
87.170
89.741
92.242
94.834
97.234
99.721
102.189
104.609
107.101
109.579
111.983
114.460
116.985
119.460
121.902
124.362
126.849
129.320
131.814
134.409
136.956
139.541
142.059
144.745
147.286
149.821
152.322
154.905
157.499
159.963
162.558
165.055
167.537
170.017
172.469
174.947
177.463
179.946
182.356
184.789
187.289
189.807
192.339
194.851
197.365
199.926
202.351
204.873
207.345
209.859
212.356
214.832
217.214
219.676
222.138
224.551
227.008
229.460
231.906
234.370
236.765
239.151
241.546
243.884
246.264
248.569
251.008
253.384
255.865
258.282
260.646
263.118
265.488
267.896
270.301
272.700
275.052
277.427
279.718
