853.042
863.918
875.110
886.551
897.793
908.873
920.269
931.642
942.796
953.976
965.010
976.114
986.939
998.469
1009.894
1021.417
1032.804
1044.232
1055.613
1067.160
1078.465
1089.892
1101.208
1112.658
1123.918
1135.078
1146.385
1158.094
1169.715
1181.233
1192.885
1204.411
1215.780
1227.009
1238.180
1249.428
1260.497
1271.731
1283.145
1294.488
1306.008
1317.332
1328.857
1340.302
1351.820
1363.077
1374.248
1385.361
1396.712
1408.279
1419.569
1430.602
1441.780
1452.594
1463.395
1474.426
1485.512
1496.516
1507.404
1518.859
1529.673
1540.529
1551.384
1562.254
1573.050
1583.882
1594.738
1605.706
1616.179
1626.895
1637.247
1647.655
1657.932
1668.272
1678.608
1688.877
1699.268
1709.592
1719.983
1730.337
1740.684
1750.927
1761.442
1771.648
1781.818
1791.956
1802.199
1812.380
1822.594
1832.974
1843.310
1853.524
1863.587
1873.889
1883.968
1894.203
1904.294
1914.311
1924.721
1935.076
1945.267
1955.367
1966.022
1976.372
1986.366
1996.065
2005.607
2015.850
2025.709
2035.401
2045.195
2055.075
2064.759
2074.762
2084.643
2094.445
2104.113
2114.082
2124.000
2133.484
2142.558
2151.673
2161.311
2171.030
2180.785
2190.151
2199.495
2208.710
2218.205
2227.677
2236.762
2245.829
2255.028
2264.156
2273.235
2281.845
2289.977
2297.997
2307.053
2315.718
2324.139
2332.606
2341.103
2349.616
2358.136
2366.773
2375.086
2383.608
2392.193
2400.757
2409.246
2417.807
2426.657
2435.561
2444.121
2453.223
2462.028
2471.199
2480.428
2489.297
2498.682
2507.297
2516.511
2525.196
2534.110
2542.846
2551.652
2560.499
2569.340
2578.091
2586.888
2595.898
2604.130
2612.433
2620.433
2628.380
2636.957
2645.053
2651.861
2659.614
2667.657
2675.837
2683.077
2690.485
2698.497
2708.407
2718.620
2728.985
2738.482
