219.595
247.841
275.566
303.601
331.207
358.747
385.669
412.587
439.345
465.850
492.301
518.308
544.314
570.404
596.320
622.227
648.224
673.917
699.406
725.290
751.569
777.006
802.334
827.327
852.828
878.614
904.235
929.335
954.482
978.617
1003.395
1024.766
1046.145
1066.942
1087.494
1108.796
1130.129
1147.626
1163.979
1179.992
1195.837
1211.639
1227.461
1231.029
1234.933
1238.715
1242.559
1246.457
1250.327
1254.192
1258.024
1262.010
1265.943
1269.792
1273.638
1277.571
1281.427
1285.345
1289.281
1293.243
1297.088
1300.811
1304.767
1308.469
1312.415
1316.342
1320.278
1324.139
1328.008
1331.884
1335.835
1339.714
1343.567
1347.386
1351.385
1355.316
1359.202
1363.108
1367.006
1370.878
1374.761
1378.514
1382.285
1386.122
1389.949
1393.873
1397.639
1401.476
1405.248
1409.098
1412.892
1416.761
1420.647
1424.514
1428.343
1432.088
1435.976
1439.765
1443.507
1447.291
1451.175
1454.980
1458.703
1462.399
1466.221
1469.974
1473.797
1477.550
1481.192
1485.142
1488.963
1492.709
1494.139
1496.588
1499.200
1501.722
1504.206
1506.702
1509.224
1511.683
1514.211
1516.730
1519.261
1521.926
1524.582
1527.197
1529.835
1532.415
1535.039
1537.697
1540.348
1543.012
1545.630
1548.208
1550.849
1553.485
1556.108
1558.770
1561.461
1564.027
1566.540
1569.254
1571.820
1574.449
1576.975
1579.523
1582.054
1584.765
1587.473
1590.089
1592.702
1595.337
1597.942
1600.544
1603.233
1605.769
1608.405
1610.927
1613.305
1615.852
1618.303
1620.796
1623.304
1625.791
1628.249
1630.694
1633.173
1635.654
1638.084
1640.513
1642.972
1645.495
1648.025
1650.503
1653.026
1655.597
1658.085
1660.688
1663.341
