121.678
130.502
139.176
147.907
156.618
165.476
174.265
183.118
191.947
200.743
209.610
218.612
227.396
236.237
245.282
254.114
263.041
271.739
280.420
289.063
297.547
306.227
314.822
323.418
332.173
341.002
349.916
358.739
367.607
376.506
385.312
394.066
403.046
411.371
420.045
428.894
437.682
446.269
454.784
463.437
472.290
480.947
489.596
498.293
506.927
515.629
524.457
533.098
541.914
550.645
559.445
568.076
576.592
585.134
593.939
602.708
611.355
619.963
628.631
637.206
646.008
654.755
663.400
671.971
680.584
689.070
697.464
705.982
714.388
722.733
731.237
739.379
747.735
756.042
764.360
772.470
780.945
789.464
797.910
806.356
814.942
823.461
830.386
836.914
843.352
849.850
856.366
862.833
869.216
875.643
882.123
888.395
894.752
901.309
907.616
914.109
920.723
927.129
933.555
939.935
946.339
952.895
959.300
965.741
972.092
978.425
983.806
988.949
994.090
999.233
1004.294
1009.306
1014.276
1019.266
1024.319
1029.397
1034.420
1039.427
1044.587
1049.751
1054.909
1060.107
1065.343
