431.241
436.519
441.854
447.170
452.526
457.858
463.231
468.736
474.170
479.628
485.010
490.267
495.495
500.836
506.173
511.453
516.818
521.931
526.969
532.274
537.477
542.808
548.127
553.393
558.695
563.944
569.279
574.567
579.812
585.071
590.348
595.568
600.817
606.041
611.311
616.500
621.691
626.815
631.826
637.261
642.728
647.879
653.109
658.284
663.461
668.647
673.756
678.958
684.195
689.320
694.526
699.771
705.055
710.116
715.090
720.005
724.759
729.728
734.860
739.867
744.942
749.927
755.000
760.036
765.063
770.158
775.204
780.291
785.334
790.417
795.435
800.331
805.251
810.544
815.980
821.309
826.705
832.171
837.585
842.949
848.530
854.004
859.316
864.629
870.095
875.588
880.970
886.404
891.938
897.335
902.609
907.825
913.218
918.570
923.967
929.322
934.588
939.943
945.423
950.909
956.220
961.600
966.871
972.197
977.388
982.499
993.172
998.634
1004.088
1009.608
1014.969
1020.146
1025.268
1030.196
1035.470
1040.391
1045.450
1050.459
1055.472
1060.318
1065.418
1070.336
1075.294
1080.172
1085.097
1089.888
1094.882
1099.788
1104.522
1109.291
1114.338
1119.449
1124.583
1129.513
1134.460
1139.363
1144.275
1149.213
1154.156
1159.038
1163.919
1168.849
1173.756
1178.582
1183.564
1188.456
1193.293
1198.119
1202.865
1207.567
1212.550
1217.653
1222.615
1227.639
1232.636
1237.568
1242.482
1247.314
1252.105
1256.797
1261.496
1266.257
1270.888
1275.529
1280.151
1284.555
1289.687
1294.844
1299.981
1305.208
1310.525
1315.639
1320.681
1325.605
1330.371
1335.105
