107.353
138.792
170.437
201.451
232.388
263.822
295.341
326.965
358.190
390.218
419.968
453.543
485.547
517.812
549.298
580.914
613.051
645.559
677.186
708.380
739.939
771.143
802.765
834.304
865.296
897.052
928.759
960.371
992.031
1016.083
1039.263
1062.098
1084.294
1106.442
1128.316
1150.276
1172.457
1194.619
1199.000
1203.841
1208.979
1213.619
1218.509
1223.585
1228.704
1233.669
1238.550
1243.365
1248.325
1253.241
1258.245
1263.320
1268.208
1273.127
1278.711
1283.486
1288.469
1293.421
1298.367
1303.229
1308.154
1313.054
1318.232
1323.250
1328.295
1333.197
1338.001
1342.993
1347.915
1352.867
1357.752
1362.634
1367.490
1372.204
1377.065
1381.841
1386.561
1391.316
1396.120
1400.800
1405.429
1410.110
1414.794
1419.292
1423.573
1427.840
1432.092
1436.402
1440.655
1444.951
1449.237
1453.569
1457.839
1462.090
1466.362
1470.631
1474.889
1479.190
1483.451
1487.792
1492.163
1496.684
1501.074
1505.445
1509.798
1514.067
1518.265
1522.527
1526.750
1531.078
1535.431
1539.745
1544.188
