890.367
892.743
895.327
897.850
900.230
902.710
905.070
907.450
909.850
912.270
914.570
916.970
919.330
921.710
923.902
926.230
928.650
930.950
933.290
935.710
938.070
940.430
942.597
944.910
947.130
949.350
951.510
953.830
956.190
958.470
960.678
962.882
964.898
967.130
969.430
971.750
974.070
976.350
978.590
980.816
982.870
985.190
987.410
989.710
991.950
994.190
996.410
998.650
1000.870
1003.090
1005.310
1007.470
1009.570
1011.810
1013.930
1016.090
1018.130
1020.270
1022.465
1024.653
1026.849
1029.167
1031.433
1033.759
1035.886
1038.172
1040.494
1042.758
1044.982
1047.244
1049.495
1051.760
1053.992
1056.212
1058.433
1060.670
1062.842
1065.112
1067.340
1069.590
1071.840
1074.059
1076.376
1078.542
1080.892
1083.252
1085.576
1087.824
1090.026
1092.363
1094.616
1096.891
1099.219
1101.505
1103.697
1105.870
1108.064
1110.373
1112.608
1114.846
1117.078
1119.357
1121.551
1123.708
1125.923
1128.188
1130.562
1132.861
1135.069
1137.420
1139.762
1142.095
1144.302
1146.520
1148.806
1150.781
1152.948
1155.254
1157.560
1159.724
1162.040
1164.286
1166.518
1168.681
1170.834
1173.146
1175.326
1177.404
1179.624
1181.805
1184.119
1186.379
1188.639
1190.905
1193.103
1195.309
1197.580
1199.788
1202.001
1204.122
1206.198
1208.565
1210.796
1213.011
1215.249
1217.534
1219.762
1222.024
1224.337
1226.596
1228.792
1231.027
1233.216
1235.407
1237.736
1239.993
1242.240
1244.538
1246.784
1248.952
1251.293
1253.472
1255.758
1257.953
1260.070
1262.285
1264.602
1266.800
1269.126
1271.261
1273.450
1275.652
1277.864
1280.023
1282.159
1284.363
1286.499
1288.534
1290.678
1292.751
1294.950
1297.068
1299.216
1301.309
1303.421
1305.515
1307.593
1309.718
1311.807
1313.919
1315.969
1318.089
1320.305
1322.261
1324.401
1326.531
1328.574
1330.656
1332.713
1334.750
1336.895
1338.956
1341.027
1343.026
1345.051
1347.086
1349.123
1351.120
1353.240
1355.274
1357.493
1359.613
1361.753
1363.902
1365.929
1368.057
1370.171
1372.196
1374.270
1376.250
1378.274
1380.171
1382.098
1384.137
1386.068
1388.209
1390.415
1392.622
1394.794
1396.977
1398.984
1401.166
1403.284
1405.444
1407.557
1409.651
1411.747
1413.828
1415.949
1417.804
1420.106
1422.147
1424.133
1426.199
1428.196
1430.202
1432.300
1434.298
1436.310
1438.332
1440.398
1442.343
1444.310
1446.359
1448.384
1450.408
1452.400
1454.392
1456.475
1458.542
1460.625
1462.601
1464.538
1466.570
1468.543
1470.478
1472.461
1474.471
1476.521
1478.466
1480.413
1482.364
1484.270
1486.300
1488.154
1490.124
1492.120
1494.159
1496.106
1498.348
1500.507
1502.576
1504.583
1506.685
1508.726
1510.744
1512.699
1514.694
1516.632
1518.620
1520.673
1522.649
1524.733
1526.823
1528.877
1531.000
1533.122
1535.083
1536.974
1538.797
1540.728
1542.495
1544.498
1546.478
1548.486
1550.512
1552.494
1554.635
1556.587
1558.656
1560.639
1562.772
1564.723
1566.873
1568.866
1570.815
1572.832
1574.808
1576.944
1578.857
1580.954
1582.938
1584.982
1586.961
1588.910
1590.886
1592.869
1594.829
1596.827
1598.867
1600.964
1602.973
1605.017
1607.026
1608.974
1610.735
