141.415
147.881
154.424
160.979
167.601
174.257
180.831
186.869
192.960
199.173
205.215
211.374
217.635
223.907
230.196
236.123
242.416
248.700
255.016
261.172
267.223
273.415
279.495
285.753
291.886
298.152
304.001
309.734
315.535
321.300
327.157
333.075
338.967
344.746
350.589
356.559
362.494
368.367
374.291
380.447
386.397
392.511
398.344
404.309
410.287
416.124
421.807
427.180
432.683
438.291
443.953
449.779
455.555
461.325
467.014
472.598
478.275
483.992
489.656
495.246
500.511
505.582
510.688
515.864
520.954
526.111
531.295
536.476
541.731
546.937
552.071
557.264
562.465
567.745
573.057
578.240
582.867
587.328
591.823
596.212
600.420
604.702
608.910
613.093
617.342
621.542
625.759
629.942
634.228
638.187
642.358
646.587
650.534
654.673
658.763
662.967
667.036
671.236
675.106
679.106
683.179
687.285
691.350
695.466
699.515
703.590
707.565
711.511
715.488
719.313
723.229
727.257
731.260
735.079
738.983
742.907
746.803
750.561
754.578
758.853
762.854
766.632
770.560
774.413
778.260
782.111
786.009
789.948
793.867
797.884
801.756
805.564
809.430
813.226
816.846
820.448
824.069
827.645
831.132
834.652
838.187
841.749
845.363
848.970
852.532
856.035
859.544
863.163
866.626
870.208
873.801
877.452
881.026
884.590
888.121
891.670
895.247
898.792
902.246
