100.224
105.842
111.357
116.877
122.342
127.902
133.333
138.803
144.329
149.571
155.033
160.532
166.394
172.080
177.675
182.996
188.464
193.913
199.494
205.032
210.553
216.016
221.344
226.777
232.294
237.812
243.339
248.885
254.462
260.072
265.340
270.808
276.241
281.726
286.952
292.478
298.045
303.560
309.153
314.659
320.190
325.729
331.325
336.822
342.410
348.147
353.733
359.138
364.727
370.263
375.671
381.149
386.641
392.086
397.397
402.825
407.994
413.379
418.591
424.007
429.522
435.060
440.575
446.014
451.395
456.724
461.705
466.185
470.801
475.457
480.086
484.746
489.389
493.998
498.596
503.228
507.805
512.313
517.018
521.595
526.181
530.639
535.098
539.631
544.298
548.966
553.612
558.300
562.915
567.605
572.248
576.888
581.468
586.026
590.535
594.988
599.499
604.066
608.684
613.303
617.983
622.533
627.024
631.526
636.159
640.776
645.436
649.885
654.291
657.261
661.051
664.902
668.795
672.763
676.800
680.741
684.481
688.212
691.829
695.648
699.510
703.371
707.028
710.657
714.289
717.955
721.695
725.383
729.159
732.836
736.592
740.257
743.965
747.755
751.592
755.506
759.465
763.351
767.101
770.669
774.238
777.857
781.458
785.089
788.612
792.034
795.555
799.093
802.665
806.200
809.812
813.551
817.301
821.019
824.697
828.297
831.878
835.367
838.881
842.367
845.795
849.223
852.706
856.208
859.722
863.302
866.812
870.463
874.110
877.699
881.283
884.848
888.379
891.897
895.430
899.106
902.762
906.447
909.898
913.318
916.640
920.142
923.636
927.204
930.714
934.290
