929.119
932.389
935.412
938.300
941.250
944.289
947.308
950.230
953.260
956.279
959.214
962.257
965.330
968.384
971.330
974.438
977.568
980.623
983.669
986.669
989.821
992.928
995.908
998.965
1001.915
1004.954
1007.967
1011.001
1014.110
1017.271
1020.167
1023.214
1026.217
1029.250
1032.228
1035.293
1038.162
1041.124
1044.201
1047.214
1050.193
1053.181
1056.232
1059.313
1062.334
1065.343
1068.310
1071.322
1074.343
1077.113
1080.165
1083.166
1086.090
1089.083
1092.082
1095.043
1098.000
1100.915
1103.896
1106.880
1109.801
1112.740
1115.709
1118.578
1121.482
1124.509
1127.442
1130.324
1133.304
1136.277
1139.223
1142.197
1145.121
1148.099
1151.170
1154.158
1157.120
1160.065
1163.022
1165.908
1168.909
1171.961
1174.981
1178.107
1181.133
1184.310
1187.452
1190.447
1193.551
1196.516
1199.525
1202.628
1205.570
1208.535
1211.618
1214.616
1217.502
1220.503
1223.511
1226.482
1229.449
1232.455
1235.394
1238.376
1241.248
1244.167
1247.111
1250.093
1253.036
1256.003
1258.945
1261.917
1264.950
1267.933
1270.856
1273.773
1276.638
1279.609
1282.490
1285.482
1288.483
1291.457
1294.416
1297.391
1300.330
1303.294
1306.278
1309.290
1312.281
1315.270
1318.341
1321.204
1324.169
1327.214
1330.158
1333.195
1336.232
1339.340
1342.340
1345.310
1348.009
1351.059
1353.991
1356.972
1360.029
1362.992
1365.937
1368.954
1371.899
1374.809
1377.804
1380.840
1383.801
1386.870
1389.845
1392.798
1395.781
1398.708
1401.618
1404.612
1407.722
1410.780
1413.857
1416.837
1419.716
1422.721
1425.738
1428.662
1431.629
1434.506
1437.468
1440.478
1443.423
1446.376
1449.230
1452.150
1455.144
1458.167
1461.042
1464.089
1467.129
1470.114
1473.145
1476.101
1479.095
1482.143
1485.139
1488.138
1491.131
1494.103
1494.918
1497.879
1500.773
1503.796
1506.813
1509.866
1512.855
1515.848
1518.729
1521.565
1524.468
1527.421
1530.424
1533.388
1536.315
1539.281
1542.318
1545.143
1548.037
1550.986
1553.982
1556.929
1559.847
1562.899
1565.775
1568.614
1571.518
1574.363
1577.249
1580.307
1583.236
1586.227
1589.161
1592.284
1595.299
1598.262
1601.228
1604.174
1607.121
1609.978
1612.932
1615.834
1618.789
1621.631
1624.630
1627.585
1630.521
1633.412
1636.342
1639.279
1642.246
1645.167
1648.017
1650.955
1653.797
1656.654
1659.537
1662.391
1665.225
1668.026
1670.787
1673.631
1676.449
1679.265
1682.075
1684.954
1687.784
1690.590
1693.422
1696.252
1699.084
1701.964
1704.835
1707.706
1710.478
1713.317
1716.069
1718.913
1721.882
1724.942
1727.832
1730.750
1733.531
1736.554
1739.434
1742.399
1745.251
1748.183
1751.072
1754.039
1756.901
1759.840
1762.742
1765.710
1768.647
1771.531
1774.316
1777.165
1779.958
1782.763
1785.575
1788.400
1791.168
1794.086
1797.022
1800.023
1802.979
1806.003
1808.959
1811.985
1814.983
1817.848
1820.764
1823.705
1826.649
1829.573
1832.571
1835.581
1838.608
1841.607
1844.653
1847.600
1850.560
1853.511
1856.487
1859.418
1862.399
1865.359
1868.304
1871.249
1874.236
1877.103
1880.061
1883.016
1885.978
1888.922
1891.894
1894.900
1897.839
1900.840
1903.824
1906.649
1909.597
1912.485
1915.376
1918.337
1921.326
1924.294
1927.212
1930.267
1933.227
1936.264
1939.165
1942.273
1945.279
1948.267
1951.227
1954.149
1957.023
1959.908
1962.804
1965.719
1968.641
1971.549
1974.383
1977.297
1980.254
1983.094
1985.985
1988.829
1991.715
1994.619
1997.473
2000.273
2003.102
2005.988
2008.873
2011.646
2014.492
2017.338
2020.224
2023.016
2025.891
2028.706
2031.676
2034.483
2037.326
2040.144
2042.930
2045.701
2048.486
2051.175
2053.967
2056.661
2059.612
2062.574
2065.400
2068.229
2071.059
2073.912
2076.643
2079.461
2082.232
2085.111
2087.911
2090.822
2093.673
2096.434
2099.213
2101.980
2104.765
2107.505
2110.296
2113.104
2115.865
2118.686
2121.504
2124.262
2127.104
2129.987
2132.818
2135.545
2138.364
2141.202
2144.013
2146.777
2149.515
2152.304
2155.245
2158.211
2161.131
2163.914
2166.729
2169.501
2172.220
2175.074
2177.922
2180.795
2183.585
2186.373
2188.926
2191.686
2194.200
2197.028
2199.799
2202.583
2205.274
2208.063
2210.789
2213.508
2216.223
2218.929
2221.702
2224.332
2227.030
2229.695
2232.494
2235.126
2237.785
2240.407
2243.089
2245.787
2248.636
2251.423
2254.155
2256.824
2259.518
2262.224
2265.041
2267.850
2270.601
2273.332
2276.073
2278.844
2281.527
2284.233
2286.916
2289.669
2292.377
2295.110
2297.820
2300.493
2303.113
2305.802
2308.309
2310.914
2313.497
2316.106
2318.710
2321.387
2323.970
2326.553
2329.126
2331.759
2334.402
2337.065
2339.651
2342.387
2344.906
2347.632
2350.358
2353.005
2355.600
2358.358
2361.056
2363.630
2366.274
2368.942
2371.672
2374.303
2376.853
2379.523
2382.153
2384.848
2387.485
2389.954
2392.616
2395.218
2397.796
2400.370
2402.966
2405.557
2408.225
2410.796
2413.446
2416.009
2418.450
2420.976
2423.485
2426.039
2428.640
2431.096
2433.656
2436.168
2438.653
2441.076
2443.514
2445.989
2448.504
2451.001
2453.503
2456.030
2458.584
2461.009
2463.397
2465.827
2468.246
2470.688
2473.160
2475.614
2478.038
2480.472
2482.891
2485.484
2487.891
2490.350
2492.905
2495.331
2497.720
2500.169
2502.633
2505.232
2507.783
2510.255
2512.674
2515.028
2517.463
2519.855
2522.291
2524.750
2527.147
2529.599
2532.026
2534.458
2536.883
2539.248
2541.647
2544.133
2546.617
2549.117
2551.591
2554.055
2556.571
2559.041
2561.504
2563.981
2566.487
2568.958
2571.385
2573.950
2576.617
2579.481
2582.331
2585.114
2587.836
2590.403
2593.076
