0.513
3.934
7.336
10.797
14.118
17.647
21.128
24.480
27.774
30.981
34.201
37.568
40.791
44.105
47.249
50.409
53.578
56.806
59.939
63.099
66.249
69.424
72.610
75.802
78.921
82.267
85.616
89.009
92.254
95.537
98.724
101.910
105.014
108.357
111.583
114.981
118.365
121.613
124.896
128.218
131.436
134.597
137.670
140.873
144.033
147.268
150.417
153.542
156.691
159.751
162.897
166.060
169.035
172.111
175.220
178.344
181.332
184.456
187.567
190.633
193.740
196.774
199.808
202.860
205.886
208.863
211.886
215.023
218.179
221.352
224.449
227.540
230.532
233.656
236.754
239.922
242.962
246.114
249.195
252.317
255.428
258.523
261.538
264.719
267.757
270.880
274.007
277.055
280.108
283.146
286.120
288.988
292.085
295.144
298.324
301.451
304.566
307.716
310.877
313.985
317.041
319.976
323.033
326.216
329.339
332.358
335.376
338.369
341.450
344.455
347.505
350.693
353.812
356.824
359.930
363.060
366.174
369.138
372.142
375.258
378.302
381.360
384.356
387.406
390.462
393.499
396.640
399.652
402.744
405.740
408.676
411.754
414.821
417.838
420.791
423.795
426.980
430.069
433.152
436.145
439.205
442.163
445.172
448.065
450.798
