15.046
18.779
22.558
26.449
30.052
33.683
37.343
40.950
44.629
48.311
51.910
55.681
59.414
63.139
66.924
70.814
74.629
78.513
82.260
86.233
90.242
94.175
98.033
102.014
105.931
109.737
113.693
117.667
121.581
125.460
129.438
133.413
137.400
141.388
145.302
149.334
153.293
157.308
161.324
165.201
169.160
173.074
177.131
181.088
185.173
189.201
193.272
197.330
201.482
205.715
209.659
213.835
217.930
221.954
225.992
229.989
234.152
238.230
242.241
246.278
250.338
254.423
258.385
262.406
266.446
270.485
274.569
278.581
282.684
286.644
290.628
294.634
298.631
302.577
306.461
310.612
314.698
318.673
322.644
326.643
330.600
334.589
338.636
342.649
346.574
350.557
354.464
358.434
362.253
366.115
370.101
374.039
378.056
382.057
385.991
390.060
394.108
397.956
401.885
405.770
409.731
413.696
417.676
421.812
425.805
429.853
433.852
437.848
441.941
446.049
