154.244
193.283
244.645
296.310
348.845
401.314
454.718
508.449
563.069
617.518
671.943
726.018
783.081
839.918
896.963
954.669
1013.453
1072.702
1131.976
1193.494
1256.792
1322.490
1387.314
1452.743
1517.494
1584.392
1641.780
1698.155
1752.784
1805.633
1855.820
1904.531
1951.796
1999.845
2045.208
2091.151
2131.328
2179.510
2223.548
2267.417
2313.649
2315.059
2320.657
2326.143
2331.416
2336.718
2341.680
2346.805
2352.061
2357.030
2361.843
2366.699
2371.849
2376.760
2382.144
2387.423
2389.902
2394.979
2400.189
2405.483
2410.736
2415.947
2421.214
2426.613
2431.931
2437.282
2442.461
2447.656
2452.819
2458.009
2463.263
2468.367
2473.629
2478.847
2484.055
2489.294
2494.559
2499.904
2505.351
2510.678
2515.943
2521.159
2526.471
2531.696
2536.800
2541.953
2547.137
2552.312
2557.380
2562.586
2567.910
2573.216
2578.343
2583.471
2588.690
2593.820
2598.937
2604.100
2609.294
2614.471
2619.737
2624.929
2630.045
2635.255
2640.488
2645.624
2650.801
2656.006
2661.194
2666.482
2671.798
2676.908
2682.014
2687.253
2692.392
2697.537
2702.736
2707.829
2712.943
2718.142
2723.286
2728.539
2733.790
2738.906
2744.055
2749.224
2754.404
2759.694
2764.859
2770.052
2775.182
2780.204
2785.222
2790.345
2795.467
2800.467
2805.541
2810.598
2815.694
2820.794
2825.976
2831.161
2836.331
2841.529
2846.657
2851.649
2856.020
2860.680
2865.314
2869.933
2874.537
2879.243
2883.965
2888.680
2893.312
2897.914
2902.504
2907.106
2911.910
2916.511
2921.027
2925.714
2930.324
2934.975
2939.476
2944.124
2948.318
2952.520
2956.633
2960.985
2965.377
2969.652
2973.936
2978.129
2982.583
2987.041
2991.357
2995.522
2999.867
3004.212
3008.551
3012.763
3017.030
3021.314
3025.519
3029.716
3033.963
3038.185
3042.426
3046.592
3050.791
3055.054
3059.238
3063.501
3067.873
3072.142
3076.328
3080.423
3084.487
3088.634
3092.753
3097.011
3101.301
3105.268
3109.300
3113.369
3117.427
3121.438
3125.597
3129.789
3134.045
3138.282
3142.437
3146.657
3150.902
3155.125
3159.336
3163.588
3167.794
3171.933
3176.121
3180.283
3184.434
3188.562
3192.729
3196.800
3200.903
3205.018
3209.169
3213.337
3217.566
3221.722
3225.792
3229.797
3233.916
3238.007
3242.140
3246.118
3250.270
3254.390
3258.497
3262.640
3266.784
3270.898
3274.947
3278.989
3283.037
3287.167
3291.216
3295.245
3299.378
3303.478
3307.616
3311.776
3315.935
3320.078
3324.306
3328.486
3332.577
3336.638
3340.751
3344.303
3347.705
3351.083
3354.450
3357.925
3361.355
3364.793
3368.223
3371.594
3375.090
3378.612
3382.141
3385.619
3389.028
3392.522
3396.029
3399.546
3402.973
3406.321
3409.633
3412.899
3416.152
3419.492
3423.004
3426.323
3429.658
3433.091
3436.399
3439.543
3442.759
3446.117
3449.475
3452.877
3456.287
3459.590
3462.905
3466.191
3469.579
3472.930
3476.349
3479.758
3483.162
3486.546
3490.000
3493.431
3496.843
3500.246
3503.676
3507.096
3510.484
3513.757
3517.036
3520.430
3523.856
3527.274
3530.716
3534.196
3537.713
3541.121
3544.633
3548.113
3551.624
3555.190
3558.690
3562.106
3565.610
3568.942
3572.358
3575.699
3579.028
3582.290
3585.469
3588.685
3591.959
3595.217
3598.501
3601.720
