144.725
183.998
224.475
265.305
306.512
347.700
389.323
430.788
472.185
513.139
554.910
595.837
637.215
678.030
718.976
759.881
800.872
842.471
884.359
926.205
968.059
997.875
1032.781
1068.923
1104.983
1137.656
1171.179
1204.867
1239.827
1273.832
1308.155
1352.036
1378.714
1404.804
1415.771
1419.850
1423.804
1427.623
1431.496
1435.320
1439.141
1442.973
1446.832
1450.674
1454.555
1458.414
1462.256
1466.135
1470.032
1473.856
1477.763
1481.656
1485.643
1489.633
1493.544
1497.685
1501.573
1505.491
1509.319
1513.328
1517.232
1521.201
1525.149
1529.128
1533.077
1537.027
1540.933
1544.906
1548.697
1552.724
1556.737
1560.629
1564.598
1568.265
1572.247
1576.149
1580.430
1584.213
1588.096
1592.187
1596.005
1599.724
1603.227
1606.873
1610.629
1614.496
1618.034
1621.696
1625.472
1629.308
1632.981
1636.843
1640.603
1644.256
1648.315
1652.005
1655.813
1659.632
1663.496
1667.275
1671.153
1674.908
1678.853
1682.549
1686.384
1690.256
1694.162
1697.872
1701.818
1705.485
1709.310
1713.206
1716.923
1720.695
1724.225
1727.666
1731.083
1734.571
1738.181
1741.680
1745.247
1748.722
1752.405
1756.038
1759.604
1763.037
1766.759
1770.346
1773.851
1777.499
1781.165
1784.827
1788.566
1792.108
1795.323
1798.704
1802.224
1805.565
1809.007
1812.465
1815.917
1819.431
1822.973
1826.518
1830.071
1833.664
1837.110
1840.632
1844.169
1847.753
1851.322
1854.904
1858.155
1861.458
1864.700
1868.036
1871.359
1874.696
1878.068
1881.469
1884.884
1888.234
1891.594
1894.911
1898.254
1901.625
1905.011
1908.364
1911.705
1915.065
1918.178
1921.155
1924.050
1927.020
1930.072
1933.181
1936.331
1939.329
1942.444
1945.590
1948.779
1951.916
1955.115
1958.309
1961.429
1964.539
1967.701
1970.861
1973.888
1976.770
1979.549
1982.416
1985.288
1987.979
1990.853
1993.946
1996.871
1999.821
2002.808
2005.851
2008.859
2011.872
2014.845
2017.817
