40.960
57.436
72.975
88.706
104.445
120.135
135.577
151.171
166.457
181.869
197.472
212.988
228.458
243.720
259.062
274.466
289.602
305.244
320.656
336.245
352.064
367.769
383.380
398.867
414.827
430.730
446.366
462.739
478.450
494.006
509.756
525.656
541.218
557.092
573.390
576.723
580.775
584.243
587.633
590.993
594.251
597.399
600.498
603.542
606.514
609.478
612.266
614.971
617.811
620.585
623.310
625.888
628.578
631.255
633.794
636.488
639.215
641.836
644.439
647.027
649.606
652.184
654.684
657.235
659.827
662.345
664.867
667.246
669.593
671.908
674.237
676.486
678.782
680.999
683.284
685.542
687.788
690.033
692.273
694.445
696.703
698.980
701.065
703.196
705.257
707.392
709.526
711.653
713.775
715.845
717.930
720.000
722.078
724.155
726.224
728.352
730.286
732.344
734.408
736.451
738.393
740.345
742.286
744.229
746.127
748.095
750.010
751.795
753.621
755.490
757.584
759.697
