145.864
148.097
150.058
151.986
153.950
156.130
158.290
160.430
162.630
164.730
166.950
169.170
171.390
173.610
175.810
177.990
180.190
182.510
184.810
186.890
189.110
191.370
193.610
195.930
198.250
200.410
202.690
205.010
207.350
209.710
211.990
214.190
216.310
218.550
220.790
223.090
225.330
227.610
229.870
232.150
234.390
236.650
238.930
241.170
243.450
245.650
247.930
250.210
252.490
254.790
257.110
259.450
261.730
264.050
266.350
268.530
270.810
273.130
275.350
277.710
279.990
282.310
284.590
286.890
289.170
291.470
293.770
296.090
298.390
300.670
302.990
305.190
307.590
309.890
312.230
314.530
316.830
319.150
321.410
323.730
326.050
328.310
330.570
