41.566
46.656
52.110
57.508
62.979
68.481
74.017
79.612
85.270
90.834
96.429
101.954
107.379
112.787
118.374
123.668
129.232
134.939
140.689
146.220
151.789
157.394
162.708
167.918
173.514
179.147
184.638
190.210
195.892
201.542
207.216
212.729
218.364
224.048
229.678
235.389
241.152
246.780
252.423
257.915
263.576
269.119
274.732
280.301
285.993
291.671
297.378
303.054
308.731
314.441
320.115
325.700
331.373
337.031
342.729
348.293
353.950
359.527
364.987
370.522
376.136
381.689
387.227
392.580
397.914
403.189
408.275
413.697
419.159
424.643
430.035
435.664
441.073
446.590
452.136
457.656
463.245
468.970
474.776
480.605
486.367
492.106
497.753
503.366
509.200
514.846
520.544
526.248
531.941
537.552
543.267
548.999
554.599
560.555
566.168
571.872
577.483
582.990
588.493
594.084
599.791
605.607
610.980
616.524
622.269
628.117
633.884
639.506
645.069
650.608
655.966
661.235
666.467
671.945
677.261
682.677
688.117
693.579
699.001
704.582
710.327
716.038
721.727
727.413
733.107
738.618
744.048
749.645
755.060
760.427
