245.406
292.918
339.386
386.499
433.046
479.176
525.320
571.452
617.552
662.904
708.383
753.159
797.333
841.824
886.041
929.745
973.261
1017.018
1060.589
1103.979
1148.020
1191.829
1235.637
1279.473
1322.841
1366.800
1410.327
1453.971
1497.094
1540.412
1584.016
1627.441
1669.473
1711.796
1754.069
1796.322
1802.948
1807.395
1811.844
1816.155
1820.558
1824.950
1829.288
1833.802
1838.274
1842.759
1847.086
1851.629
1856.070
1860.620
1865.006
1869.425
1873.850
1878.166
1882.485
1886.818
1891.147
1895.511
1899.857
1904.194
1908.524
1912.883
1917.223
1921.628
1926.020
1930.390
1934.759
1939.055
1943.389
1947.683
1951.837
1956.419
1960.842
1965.232
1969.555
1973.928
1978.297
1982.608
1986.890
1991.247
1995.526
1999.832
2003.989
2008.282
2012.516
2016.734
2021.005
2025.302
2029.558
2033.794
2038.099
2042.336
2046.613
2050.939
2055.205
2059.403
2063.671
2067.982
2072.230
2076.438
2080.702
2084.894
2089.114
2093.381
2097.527
2101.736
2105.969
2110.242
2114.486
2118.658
2122.949
2127.034
2131.323
2135.554
2139.807
2143.963
2148.188
2152.352
2156.684
2160.894
2165.155
2169.388
2173.614
2177.800
2182.024
2186.194
2190.359
2194.621
2198.598
2202.743
2206.885
2210.956
2215.102
2219.217
2223.331
2227.566
2231.772
2236.031
2240.093
2244.268
2248.390
2252.437
2256.504
2260.648
2264.749
2268.893
2273.080
2277.151
2281.289
2285.331
2289.348
2293.443
2297.601
2301.766
2305.887
2310.008
2314.095
2318.243
2322.103
2325.502
2328.899
2332.231
2335.565
2338.922
2342.266
2345.616
2348.948
2352.292
2355.532
2358.851
2362.171
2365.449
2368.744
2371.959
2375.158
2378.415
2381.732
2384.977
2388.212
2391.412
2394.618
2397.780
2400.952
2404.234
2407.315
2410.482
2413.574
2416.803
2420.065
2423.281
2426.540
2429.780
2432.976
2436.173
2439.400
2442.585
2445.719
2448.929
2452.142
2455.552
2458.790
2461.972
2465.221
2468.430
2471.671
2474.895
2478.067
2481.335
2484.577
2487.885
2491.134
2494.433
2497.681
2500.877
2504.109
2507.314
2510.585
2513.783
2516.998
2520.213
2523.405
2526.657
2529.843
2533.030
2536.272
2539.450
2542.676
2545.848
2549.048
2552.211
2555.446
2558.726
2561.864
2565.011
2568.173
2571.421
2574.553
2577.727
2580.892
2584.073
2587.231
2590.408
2593.520
2596.610
2599.763
2602.888
2606.019
2609.144
2612.283
2615.412
2618.496
2621.666
2624.830
2628.002
2631.166
2634.366
2637.476
2640.625
2643.747
2646.955
2650.091
2653.266
2656.448
2659.601
2662.746
2665.884
2669.072
2672.239
2675.455
2678.642
2681.834
2685.055
2688.178
2691.315
2694.475
2697.630
2700.774
2703.855
2707.050
2710.189
2713.298
2716.430
2719.551
2722.727
2725.874
2729.024
2732.133
2735.201
2738.338
2741.478
2744.648
2747.853
2751.052
2754.224
2757.338
2760.478
2763.604
2766.753
2769.908
2773.079
2776.239
2779.389
2782.528
2785.700
2788.795
2791.866
2794.942
2798.119
2801.249
2804.410
2807.561
2810.753
2813.876
2817.021
2820.171
2823.296
2826.461
2829.680
2832.800
2835.977
