63.923
75.954
88.151
100.114
112.033
123.774
135.898
147.963
160.094
171.759
183.657
196.104
208.139
220.147
232.399
244.473
256.833
268.713
280.612
291.771
303.514
314.979
326.653
338.646
350.372
362.668
374.311
385.910
395.970
400.810
405.305
409.909
414.508
419.086
423.709
428.193
432.663
437.092
441.587
446.147
450.710
455.049
459.359
463.482
467.494
471.588
475.712
479.723
484.002
488.201
492.480
496.727
500.873
504.998
509.183
513.136
517.457
521.653
525.784
530.015
534.044
537.926
541.877
545.875
549.840
553.949
558.066
562.065
566.173
570.265
574.449
578.489
582.436
586.460
590.431
594.380
598.341
602.178
606.142
610.129
614.073
617.976
622.086
