256.633
317.727
380.644
444.691
509.916
576.026
641.753
707.068
772.888
838.482
904.754
970.890
1037.189
1104.033
1170.479
1236.997
1302.860
1369.165
1436.122
1503.285
1569.143
1635.698
1702.155
1768.686
1834.490
1901.558
1967.653
2033.665
2100.024
2165.976
2231.237
2295.682
2359.298
2421.176
2482.865
2545.502
2550.469
2557.122
2563.608
2570.249
2576.672
2582.750
2588.962
2594.952
2601.416
2608.043
2614.649
2621.135
2627.635
2634.155
2640.684
2647.303
2653.918
2660.482
2666.951
2673.514
2680.057
2686.359
2692.697
2699.012
2705.396
2711.922
2718.384
2724.713
2730.869
2737.065
2743.254
2749.616
2756.017
2762.496
2768.904
2775.289
2781.873
2788.233
2794.514
2800.669
2806.849
2813.049
2819.461
2825.967
2832.403
2838.914
2845.363
2851.881
2858.253
2864.705
2871.173
2877.490
2884.045
2890.347
2896.739
2902.958
2909.408
2915.791
2922.126
2928.476
2934.851
2941.163
2947.345
2953.445
2959.505
2965.698
2972.073
2978.058
2984.658
2991.183
2997.667
3004.151
3010.473
3016.913
3023.383
3029.814
3036.317
3042.702
3049.191
3055.547
3062.062
3068.487
3074.735
3080.454
3086.265
3092.065
3097.739
3103.486
3109.139
3114.861
3120.814
3126.853
3132.698
3138.673
3144.653
3150.693
3156.772
3162.827
3169.009
3175.061
3181.180
3187.090
3193.110
3199.073
3204.976
3210.994
3217.216
3223.460
3229.745
3235.882
3241.204
3245.694
3250.252
3254.869
3259.513
3264.357
3269.088
3273.796
3278.597
3283.284
3287.988
3292.587
3297.367
3302.128
3306.876
3311.553
3316.193
3320.767
3325.600
3330.271
3334.911
3339.533
3344.179
3348.851
3353.484
3358.333
3362.907
3367.512
3372.176
3376.988
3381.586
3386.233
3390.871
3395.316
3399.791
3404.464
3409.016
3413.469
3418.016
3422.604
3427.110
3431.563
3436.135
3440.712
3445.290
3449.718
3454.274
3458.917
3463.516
3468.026
3472.559
3477.117
3481.622
3485.992
3490.314
3494.747
3499.220
3503.600
3508.028
3512.623
3517.195
3521.602
3526.037
3530.565
3535.004
3539.343
3543.678
3548.086
3552.498
3556.867
3561.237
3565.739
3570.131
3574.396
3578.682
3582.912
3587.161
3591.520
3595.833
3600.194
3604.641
3609.087
3613.469
3617.823
3622.114
3626.510
3630.873
3635.247
3639.622
3644.041
3648.424
3652.795
3657.243
3661.727
3666.167
3670.139
3674.065
3678.071
3682.199
3686.270
3690.384
3694.488
3698.578
3702.676
3706.792
3710.886
3715.141
3719.308
3723.491
3727.645
3731.782
3735.904
3740.018
3744.092
3747.958
3752.036
3755.949
3759.935
3764.061
3768.182
3772.135
3776.206
3780.324
3784.485
3788.861
