50.062
54.973
59.750
64.810
69.750
74.790
79.957
85.150
90.350
95.630
100.809
106.010
111.153
116.477
121.643
126.728
131.744
136.771
141.970
147.150
152.250
157.450
162.514
167.670
172.770
177.910
183.050
188.130
193.190
198.200
203.370
208.590
213.810
219.081
224.322
229.601
234.718
239.934
244.951
250.250
255.390
260.424
265.570
270.710
275.890
280.970
286.150
291.310
296.450
301.350
306.742
311.951
317.230
322.490
327.710
332.930
338.150
343.410
348.670
353.934
359.210
364.590
369.950
375.390
380.832
386.259
391.587
396.861
401.718
406.418
