755.554
761.968
768.557
774.943
781.091
787.241
793.324
799.394
805.498
811.567
817.682
823.665
829.641
835.635
841.576
847.766
853.854
859.820
866.190
872.541
878.821
885.235
891.465
897.739
904.040
910.119
916.281
922.599
928.842
934.913
941.226
947.525
953.906
960.204
966.466
972.749
978.982
985.141
991.480
997.588
1003.637
1009.738
1015.787
1022.012
1028.239
1034.461
1040.539
1046.831
1053.070
1059.199
1065.204
1071.412
1077.606
1083.724
1089.895
1096.240
1102.340
1108.333
1114.279
1120.487
1126.646
1132.871
1139.032
1145.155
1151.309
1157.355
1163.487
1169.651
1175.609
1181.774
1187.768
1193.752
1199.855
1205.965
1212.064
1218.231
1224.491
1230.768
1236.611
